      z/Rp             rho           P(bar)          T(K)
    9.74624e-01    1.01870e-03    1.00000e+02    2.73879e+03
    9.75225e-01    8.65643e-04    8.49753e+01    2.73879e+03
    9.75826e-01    7.35583e-04    7.22081e+01    2.73879e+03
    9.76427e-01    6.25064e-04    6.13591e+01    2.73879e+03
    9.77028e-01    5.31151e-04    5.21401e+01    2.73879e+03
    9.77629e-01    4.51347e-04    4.43062e+01    2.73879e+03
    9.78230e-01    3.83534e-04    3.76494e+01    2.73879e+03
    9.78831e-01    3.25909e-04    3.19927e+01    2.73879e+03
    9.79432e-01    2.76942e-04    2.71859e+01    2.73879e+03
    9.80033e-01    2.35333e-04    2.31013e+01    2.73879e+03
    9.80635e-01    1.99975e-04    1.96304e+01    2.73879e+03
    9.81236e-01    1.69929e-04    1.66810e+01    2.73879e+03
    9.81837e-01    1.44398e-04    1.41747e+01    2.73879e+03
    9.82438e-01    1.22703e-04    1.20450e+01    2.73879e+03
    9.83039e-01    1.04267e-04    1.02353e+01    2.73879e+03
    9.83640e-01    8.86013e-05    8.69749e+00    2.73879e+03
    9.84241e-01    7.52892e-05    7.39072e+00    2.73879e+03
    9.84842e-01    6.39773e-05    6.28029e+00    2.73879e+03
    9.85443e-01    5.43649e-05    5.33670e+00    2.73879e+03
    9.86044e-01    4.61968e-05    4.53488e+00    2.73879e+03
    9.86645e-01    3.92559e-05    3.85353e+00    2.73879e+03
    9.87246e-01    3.33578e-05    3.27455e+00    2.73879e+03
    9.87848e-01    2.83459e-05    2.78256e+00    2.73879e+03
    9.88449e-01    2.40870e-05    2.36449e+00    2.73879e+03
    9.89050e-01    2.04680e-05    2.00923e+00    2.73879e+03
    9.89651e-01    1.73928e-05    1.70735e+00    2.73879e+03
    9.90252e-01    1.47796e-05    1.45083e+00    2.73879e+03
    9.90853e-01    1.25590e-05    1.23285e+00    2.73879e+03
    9.91454e-01    1.06721e-05    1.04762e+00    2.73879e+03
    9.92055e-01    9.06861e-06    8.90215e-01    2.73879e+03
    9.92656e-01    7.70609e-06    7.56463e-01    2.73879e+03
    9.93257e-01    6.54827e-06    6.42807e-01    2.73879e+03
    9.93858e-01    5.56442e-06    5.46228e-01    2.73879e+03
    9.94459e-01    4.72838e-06    4.64159e-01    2.73879e+03
    9.95061e-01    4.01471e-06    3.94421e-01    2.74100e+03
    9.95662e-01    3.40128e-06    3.35160e-01    2.74925e+03
    9.96263e-01    2.87294e-06    2.84804e-01    2.76582e+03
    9.96864e-01    2.41755e-06    2.42013e-01    2.79297e+03
    9.97465e-01    2.02530e-06    2.05651e-01    2.83300e+03
    9.98071e-01    1.68813e-06    1.74753e-01    2.88817e+03
    9.98692e-01    1.39932e-06    1.48497e-01    2.96077e+03
    9.99333e-01    1.15313e-06    1.26186e-01    3.05306e+03
    1.00000e+00    9.48934e-07    1.07227e-01    3.15262e+03
    1.00067e+00    7.82155e-07    9.11163e-02    3.25018e+03
    1.00136e+00    6.45646e-07    7.74264e-02    3.34579e+03
    1.00210e+00    5.34039e-07    6.57933e-02    3.43727e+03
    1.00287e+00    4.43030e-07    5.59081e-02    3.52083e+03
    1.00370e+00    3.68777e-07    4.75081e-02    3.59425e+03
    1.00454e+00    3.08137e-07    4.03702e-02    3.65528e+03
    1.00538e+00    2.58559e-07    3.43047e-02    3.70168e+03
    1.00621e+00    2.17972e-07    2.91505e-02    3.73121e+03
    1.00704e+00    1.84706e-07    2.47708e-02    3.74164e+03
    1.00786e+00    1.57414e-07    2.10490e-02    3.73071e+03
    1.00868e+00    1.34477e-07    1.78865e-02    3.71093e+03
    1.00949e+00    1.14871e-07    1.51991e-02    3.69157e+03
    1.01030e+00    9.81153e-08    1.29155e-02    3.67264e+03
    1.01111e+00    8.37961e-08    1.09750e-02    3.65414e+03
    1.01191e+00    7.15601e-08    9.32603e-03    3.63605e+03
    1.01271e+00    6.11051e-08    7.92483e-03    3.61840e+03
    1.01350e+00    5.21727e-08    6.73415e-03    3.60117e+03
    1.01429e+00    4.45418e-08    5.72237e-03    3.58436e+03
    1.01508e+00    3.80233e-08    4.86260e-03    3.56798e+03
    1.01586e+00    3.24556e-08    4.13201e-03    3.55203e+03
    1.01664e+00    2.77003e-08    3.51119e-03    3.53650e+03
    1.01741e+00    2.36394e-08    2.98365e-03    3.52140e+03
    1.01818e+00    2.01717e-08    2.53536e-03    3.50672e+03
    1.01895e+00    1.72110e-08    2.15443e-03    3.49247e+03
    1.01972e+00    1.46832e-08    1.83074e-03    3.47864e+03
    1.02048e+00    1.25254e-08    1.55568e-03    3.46524e+03
    1.02124e+00    1.06835e-08    1.32194e-03    3.45226e+03
    1.02200e+00    9.11144e-09    1.12332e-03    3.43971e+03
    1.02275e+00    7.76986e-09    9.54548e-04    3.42759e+03
    1.02351e+00    6.62508e-09    8.11131e-04    3.41589e+03
    1.02426e+00    5.64833e-09    6.89261e-04    3.40462e+03
    1.02500e+00    4.81503e-09    5.85702e-04    3.39377e+03
    1.02575e+00    4.10419e-09    4.97702e-04    3.38334e+03
    1.02649e+00    3.49789e-09    4.22924e-04    3.37335e+03
    1.02723e+00    2.98080e-09    3.59381e-04    3.36377e+03
    1.02797e+00    2.53985e-09    3.05386e-04    3.35463e+03
    1.02870e+00    2.16387e-09    2.59502e-04    3.34591e+03
    1.02944e+00    1.84333e-09    2.20513e-04    3.33761e+03
    1.03017e+00    1.57008e-09    1.87382e-04    3.32974e+03
    1.03090e+00    1.33717e-09    1.59228e-04    3.32229e+03
    1.03163e+00    1.13867e-09    1.35305e-04    3.31527e+03
    1.03235e+00    9.69517e-10    1.14976e-04    3.30868e+03
    1.03308e+00    8.25390e-10    9.77010e-05    3.30251e+03
    1.03380e+00    7.02600e-10    8.30218e-05    3.29677e+03
    1.03453e+00    5.98001e-10    7.05480e-05    3.29145e+03
    1.03525e+00    5.08910e-10    5.99484e-05    3.28656e+03
    1.03597e+00    4.33037e-10    5.09414e-05    3.28209e+03
    1.03669e+00    3.68428e-10    4.32876e-05    3.27805e+03
    1.03741e+00    3.13419e-10    3.67838e-05    3.27443e+03
    1.03813e+00    2.66588e-10    3.12572e-05    3.27124e+03
    1.03884e+00    2.26726e-10    2.65609e-05    3.26848e+03
    1.03956e+00    1.92799e-10    2.25702e-05    3.26614e+03
    1.04028e+00    1.64035e-10    1.91791e-05    3.26209e+03
    1.04099e+00    1.39453e-10    1.62975e-05    3.26060e+03
    1.04171e+00    1.18539e-10    1.38489e-05    3.25954e+03
    1.04242e+00    1.00749e-10    1.17681e-05    3.25890e+03
    1.04314e+00    8.56172e-11    1.00000e-05    3.25869e+03