#       lam(cm)         fp             fs          fp/fs             
1  4.0000000e-05  3.5494311e-09  3.1750693e-04  1.1179067e-05 
2  4.0180020e-05  5.8295704e-09  3.3258775e-04  1.7527916e-05 
3  4.0360840e-05  5.4642415e-09  3.3115422e-04  1.6500594e-05 
4  4.0542480e-05  5.8478009e-09  3.2481734e-04  1.8003352e-05 
5  4.0724940e-05  1.1562174e-08  3.1077807e-04  3.7203958e-05 
6  4.0908220e-05  2.3817056e-09  2.7246334e-04  8.7413800e-06 
7  4.1092320e-05  8.9302086e-09  2.2481373e-04  3.9722702e-05 
8  4.1277260e-05  1.7090158e-08  2.9955336e-04  5.7052131e-05 
9  4.1463020e-05  3.1371249e-09  3.2407101e-04  9.6803627e-06 
10  4.1649620e-05  5.1170200e-09  3.2631740e-04  1.5681113e-05 
11  4.1837060e-05  1.4028403e-08  3.2362284e-04  4.3348000e-05 
12  4.2025350e-05  7.4393209e-09  3.2275968e-04  2.3049103e-05 
13  4.2214480e-05  1.1725168e-08  3.1671929e-04  3.7020694e-05 
14  4.2404460e-05  1.7449673e-08  3.1509939e-04  5.5378313e-05 
15  4.2595300e-05  2.1893816e-08  3.1262154e-04  7.0032973e-05 
16  4.2786990e-05  2.3105953e-08  3.0654529e-04  7.5375333e-05 
17  4.2979550e-05  2.6506874e-08  2.9616340e-04  8.9500844e-05 
18  4.3172980e-05  2.4267679e-08  2.6776425e-04  9.0630765e-05 
19  4.3367270e-05  1.9613633e-08  2.3383075e-04  8.3879615e-05 
20  4.3562440e-05  2.2614387e-08  2.3711618e-04  9.5372599e-05 
21  4.3758490e-05  2.4867763e-08  2.9810391e-04  8.3419780e-05 
22  4.3955420e-05  2.5625839e-08  2.9955668e-04  8.5545878e-05 
23  4.4153240e-05  2.7395527e-08  2.9668702e-04  9.2338138e-05 
24  4.4351950e-05  2.7643604e-08  2.9477118e-04  9.3779873e-05 
25  4.4551550e-05  2.7271761e-08  2.9723192e-04  9.1752464e-05 
26  4.4752050e-05  2.2707485e-08  2.9711935e-04  7.6425469e-05 
27  4.4953450e-05  2.5571379e-08  2.9800332e-04  8.5809042e-05 
28  4.5155760e-05  2.9216192e-08  3.0136207e-04  9.6947146e-05 
29  4.5358980e-05  2.4617901e-08  2.9058206e-04  8.4719274e-05 
30  4.5563120e-05  3.4795200e-08  2.9254686e-04  1.1893889e-04 
31  4.5768170e-05  3.0601224e-08  2.9493358e-04  1.0375633e-04 
32  4.5974150e-05  2.2116954e-08  2.8895429e-04  7.6541359e-05 
33  4.6181050e-05  2.1981203e-08  2.8891794e-04  7.6081127e-05 
34  4.6388880e-05  2.8661246e-08  2.8553885e-04  1.0037599e-04 
35  4.6597650e-05  2.3320408e-08  2.8694321e-04  8.1271858e-05 
36  4.6807360e-05  2.3216949e-08  2.8203568e-04  8.2319191e-05 
37  4.7018010e-05  3.2720961e-08  2.7076808e-04  1.2084497e-04 
38  4.7229610e-05  2.3593629e-08  2.7451769e-04  8.5945751e-05 
39  4.7442160e-05  2.8983022e-08  2.7862585e-04  1.0402130e-04 
40  4.7655670e-05  3.2414133e-08  2.7567735e-04  1.1757996e-04 
41  4.7870140e-05  3.6153997e-08  2.7221052e-04  1.3281631e-04 
42  4.8085580e-05  3.5530506e-08  2.6705750e-04  1.3304441e-04 
43  4.8301980e-05  2.0850983e-08  2.5690565e-04  8.1162026e-05 
44  4.8519360e-05  2.8263633e-08  2.0856189e-04  1.3551677e-04 
45  4.8737720e-05  2.8050353e-08  1.8611192e-04  1.5071767e-04 
46  4.8957060e-05  2.5912997e-08  2.4547675e-04  1.0556192e-04 
47  4.9177390e-05  3.1761708e-08  2.5122900e-04  1.2642533e-04 
48  4.9398700e-05  4.2920788e-08  2.5207040e-04  1.7027302e-04 
49  4.9621020e-05  3.6648580e-08  2.5563712e-04  1.4336173e-04 
50  4.9844330e-05  4.3133461e-08  2.4856139e-04  1.7353242e-04 
51  5.0068650e-05  3.5576090e-08  2.3931599e-04  1.4865739e-04 
52  5.0293980e-05  4.6454377e-08  2.4557325e-04  1.8916709e-04 
53  5.0520330e-05  4.6928567e-08  2.4221584e-04  1.9374690e-04 
54  5.0747690e-05  2.2732086e-08  2.4496228e-04  9.2798312e-05 
55  5.0976070e-05  4.7669713e-08  2.4175931e-04  1.9717840e-04 
56  5.1205490e-05  4.5952435e-08  2.3946632e-04  1.9189519e-04 
57  5.1435930e-05  4.5610212e-08  2.3347544e-04  1.9535336e-04 
58  5.1667420e-05  5.0832397e-08  2.2707770e-04  2.2385464e-04 
59  5.1899940e-05  5.1555981e-08  2.2389097e-04  2.3027272e-04 
60  5.2133510e-05  4.6156851e-08  2.2643819e-04  2.0383863e-04 
61  5.2368130e-05  2.7037876e-08  2.2693296e-04  1.1914477e-04 
62  5.2603810e-05  3.2949283e-08  2.2075579e-04  1.4925671e-04 
63  5.2840550e-05  5.0658289e-08  2.2084070e-04  2.2938838e-04 
64  5.3078360e-05  3.8339211e-08  2.2328284e-04  1.7170693e-04 
65  5.3317230e-05  4.4144972e-08  2.1312145e-04  2.0713529e-04 
66  5.3557180e-05  4.3909596e-08  2.1873983e-04  2.0073891e-04 
67  5.3798210e-05  3.3987768e-08  2.1621744e-04  1.5719254e-04 
68  5.4040320e-05  5.3544837e-08  2.1146426e-04  2.5320986e-04 
69  5.4283530e-05  4.5395314e-08  2.1209959e-04  2.1402829e-04 
70  5.4527820e-05  4.7895101e-08  2.1247800e-04  2.2541205e-04 
71  5.4773220e-05  3.2710659e-08  2.0968087e-04  1.5600212e-04 
72  5.5019720e-05  4.5374440e-08  2.0840761e-04  2.1771969e-04 
73  5.5267330e-05  5.0860269e-08  2.0640655e-04  2.4640821e-04 
74  5.5516060e-05  6.0184675e-08  2.0606914e-04  2.9206059e-04 
75  5.5765910e-05  4.5032826e-08  2.0163776e-04  2.2333528e-04 
76  5.6016880e-05  4.3915073e-08  2.0009560e-04  2.1947046e-04 
77  5.6268970e-05  3.9268446e-08  2.0036096e-04  1.9598851e-04 
78  5.6522210e-05  4.9609104e-08  1.9811677e-04  2.5040335e-04 
79  5.6776580e-05  5.4392454e-08  1.9512752e-04  2.7875337e-04 
80  5.7032100e-05  4.0555864e-08  1.9396857e-04  2.0908471e-04 
81  5.7288770e-05  4.9848361e-08  1.9545981e-04  2.5503126e-04 
82  5.7546590e-05  5.0083315e-08  1.9183342e-04  2.6107712e-04 
83  5.7805570e-05  5.2814023e-08  1.9028298e-04  2.7755517e-04 
84  5.8065720e-05  5.0753620e-08  1.8882446e-04  2.6878732e-04 
85  5.8327040e-05  5.7890840e-08  1.8766622e-04  3.0847768e-04 
86  5.8589540e-05  4.8342757e-08  1.8492364e-04  2.6142010e-04 
87  5.8853210e-05  5.6862668e-08  1.8067934e-04  3.1471594e-04 
88  5.9118080e-05  5.1584019e-08  1.8150608e-04  2.8419995e-04 
89  5.9384130e-05  4.7685185e-08  1.7978370e-04  2.6523641e-04 
90  5.9651390e-05  4.5282166e-08  1.7829491e-04  2.5397341e-04 
91  5.9919840e-05  5.0513137e-08  1.7588013e-04  2.8720207e-04 
92  6.0189510e-05  4.7054270e-08  1.7329167e-04  2.7153221e-04 
93  6.0460380e-05  5.3013943e-08  1.7260021e-04  3.0714877e-04 
94  6.0732480e-05  5.9119639e-08  1.7165625e-04  3.4440715e-04 
95  6.1005800e-05  5.6474013e-08  1.6880551e-04  3.3455077e-04 
96  6.1280350e-05  5.9113437e-08  1.6478612e-04  3.5872824e-04 
97  6.1556140e-05  5.3167358e-08  1.6234887e-04  3.2748831e-04 
98  6.1833170e-05  5.6502522e-08  1.6289307e-04  3.4686879e-04 
99  6.2111440e-05  5.7503453e-08  1.6264789e-04  3.5354563e-04 
100  6.2390970e-05  5.8145571e-08  1.5846422e-04  3.6693187e-04 
101  6.2671750e-05  4.4766599e-08  1.5889883e-04  2.8173019e-04 
102  6.2953800e-05  4.6779455e-08  1.5748746e-04  2.9703607e-04 
103  6.3237120e-05  5.7986975e-08  1.5492549e-04  3.7428944e-04 
104  6.3521710e-05  6.1124565e-08  1.5292348e-04  3.9970686e-04 
105  6.3807590e-05  6.9851992e-08  1.5202343e-04  4.5948175e-04 
106  6.4094750e-05  5.5575390e-08  1.4930364e-04  3.7223066e-04 
107  6.4383200e-05  6.3715992e-08  1.4797496e-04  4.3058632e-04 
108  6.4672950e-05  6.0158468e-08  1.4621261e-04  4.1144515e-04 
109  6.4964000e-05  5.9789237e-08  1.4340901e-04  4.1691408e-04 
110  6.5256370e-05  5.4373211e-08  1.3977292e-04  3.8901104e-04 
111  6.5550050e-05  6.0148406e-08  1.1731633e-04  5.1270277e-04 
112  6.5845050e-05  7.5287378e-08  1.2254622e-04  6.1435906e-04 
113  6.6141380e-05  6.5016687e-08  1.3771313e-04  4.7211683e-04 
114  6.6439050e-05  6.2908328e-08  1.3805654e-04  4.5567077e-04 
115  6.6738050e-05  6.1023124e-08  1.3676302e-04  4.4619609e-04 
116  6.7038400e-05  5.9699867e-08  1.3587952e-04  4.3935884e-04 
117  6.7340100e-05  5.3061073e-08  1.3452009e-04  3.9444719e-04 
118  6.7643160e-05  7.1006886e-08  1.3312929e-04  5.3336786e-04 
119  6.7947580e-05  6.6834205e-08  1.3180322e-04  5.0707568e-04 
120  6.8253370e-05  6.9578293e-08  1.3029684e-04  5.3399830e-04 
121  6.8560540e-05  4.8269880e-08  1.2869619e-04  3.7506846e-04 
122  6.8869090e-05  6.1346062e-08  1.2775466e-04  4.8018648e-04 
123  6.9179030e-05  5.0582351e-08  1.2631223e-04  4.0045491e-04 
124  6.9490360e-05  7.5879966e-08  1.2491567e-04  6.0744953e-04 
125  6.9803100e-05  6.7489458e-08  1.2364036e-04  5.4585296e-04 
126  7.0117240e-05  6.5151356e-08  1.2108998e-04  5.3804084e-04 
127  7.0432800e-05  7.1441161e-08  1.2077559e-04  5.9151986e-04 
128  7.0749770e-05  7.0292362e-08  1.1955295e-04  5.8796010e-04 
129  7.1068170e-05  6.3854713e-08  1.1676953e-04  5.4684396e-04 
130  7.1388010e-05  4.5303497e-08  1.1628344e-04  3.8959545e-04 
131  7.1709290e-05  7.2762868e-08  1.1488192e-04  6.3337095e-04 
132  7.2032010e-05  6.9985364e-08  1.1357539e-04  6.1620184e-04 
133  7.2356180e-05  6.5159150e-08  1.1251128e-04  5.7913438e-04 
134  7.2681810e-05  7.6658674e-08  1.1165845e-04  6.8654613e-04 
135  7.3008910e-05  8.0675375e-08  1.0988837e-04  7.3415752e-04 
136  7.3337480e-05  8.0736265e-08  1.0898390e-04  7.4080909e-04 
137  7.3667530e-05  7.4821517e-08  1.0819698e-04  6.9153057e-04 
138  7.3999060e-05  7.0208016e-08  1.0583919e-04  6.6334612e-04 
139  7.4332090e-05  7.5151139e-08  1.0470783e-04  7.1772222e-04 
140  7.4666620e-05  7.7266479e-08  1.0371972e-04  7.4495456e-04 
141  7.5002650e-05  7.0905661e-08  1.0279594e-04  6.8977105e-04 
142  7.5340190e-05  8.0258055e-08  1.0202730e-04  7.8663315e-04 
143  7.5679250e-05  7.4828593e-08  1.0099788e-04  7.4089274e-04 
144  7.6019840e-05  7.6741208e-08  9.9804241e-05  7.6891731e-04 
145  7.6361960e-05  7.4531954e-08  9.8746596e-05  7.5477998e-04 
146  7.6705620e-05  6.6879287e-08  9.6725670e-05  6.9143266e-04 
147  7.7050830e-05  7.6794682e-08  9.6096255e-05  7.9914334e-04 
148  7.7397590e-05  6.9716145e-08  9.5203452e-05  7.3228589e-04 
149  7.7745910e-05  8.0983566e-08  9.3137591e-05  8.6950463e-04 
150  7.8095790e-05  6.4825110e-08  9.3277838e-05  6.9496797e-04 
151  7.8447260e-05  6.0650262e-08  9.1634530e-05  6.6187126e-04 
152  7.8800300e-05  8.1236719e-08  9.0815754e-05  8.9452232e-04 
153  7.9154940e-05  7.0636912e-08  8.9444031e-05  7.8973310e-04 
154  7.9511170e-05  7.6649763e-08  8.8237940e-05  8.6867126e-04 
155  7.9869000e-05  8.1241112e-08  8.7743174e-05  9.2589666e-04 
156  8.0228440e-05  7.9213345e-08  8.6734564e-05  9.1328463e-04 
157  8.0589500e-05  7.7275365e-08  8.5831829e-05  9.0031130e-04 
158  8.0952190e-05  8.1013530e-08  8.4784826e-05  9.5551921e-04 
159  8.1316510e-05  7.5017682e-08  8.4221947e-05  8.9071418e-04 
160  8.1682460e-05  7.8122447e-08  8.3139863e-05  9.3965090e-04 
161  8.2050070e-05  7.5353545e-08  8.1160089e-05  9.2845568e-04 
162  8.2419330e-05  7.8149848e-08  8.0380572e-05  9.7224797e-04 
163  8.2790250e-05  7.8517454e-08  8.0362440e-05  9.7704169e-04 
164  8.3162840e-05  7.6383686e-08  7.8811243e-05  9.6919783e-04 
165  8.3537110e-05  7.2991338e-08  7.8323509e-05  9.3192120e-04 
166  8.3913060e-05  7.7748595e-08  7.7250199e-05  1.0064517e-03 
167  8.4290700e-05  7.0863598e-08  7.6387772e-05  9.2768248e-04 
168  8.4670040e-05  7.3290931e-08  7.5019029e-05  9.7696453e-04 
169  8.5051090e-05  7.6981865e-08  7.2434200e-05  1.0627834e-03 
170  8.5433860e-05  7.6243421e-08  6.8682980e-05  1.1100774e-03 
171  8.5818350e-05  7.2636422e-08  7.2335593e-05  1.0041588e-03 
172  8.6204560e-05  7.4016504e-08  7.1613492e-05  1.0335553e-03 
173  8.6592520e-05  7.7744437e-08  6.6664080e-05  1.1662118e-03 
174  8.6982220e-05  7.7325713e-08  7.0682589e-05  1.0939853e-03 
175  8.7373680e-05  7.4241646e-08  6.6685145e-05  1.1133161e-03 
176  8.7766890e-05  6.5074127e-08  6.8916709e-05  9.4424311e-04 
177  8.8161880e-05  7.3462563e-08  6.9772569e-05  1.0528860e-03 
178  8.8558650e-05  7.5596635e-08  6.2459641e-05  1.2103277e-03 
179  8.8957200e-05  7.6860375e-08  6.7323162e-05  1.1416632e-03 
180  8.9357540e-05  7.1916786e-08  6.8289311e-05  1.0531192e-03 
181  8.9759690e-05  7.2428592e-08  6.6841316e-05  1.0835901e-03 
182  9.0163640e-05  6.8280824e-08  5.6802350e-05  1.2020775e-03 
183  9.0569410e-05  6.9844227e-08  6.4927425e-05  1.0757277e-03 
184  9.0977010e-05  6.6941526e-08  6.4211141e-05  1.0425220e-03 
185  9.1386450e-05  6.8052593e-08  6.5299587e-05  1.0421596e-03 
186  9.1797720e-05  5.4382384e-08  6.3665952e-05  8.5418315e-04 
187  9.2210850e-05  7.2292539e-08  5.3690613e-05  1.3464651e-03 
188  9.2625840e-05  5.9349675e-08  5.9274257e-05  1.0012724e-03 
189  9.3042690e-05  6.7651615e-08  6.2153132e-05  1.0884667e-03 
190  9.3461420e-05  4.1591583e-08  6.1719659e-05  6.7387902e-04 
191  9.3882040e-05  7.1419527e-08  6.0897383e-05  1.1727848e-03 
192  9.4304550e-05  7.2819896e-08  5.9670440e-05  1.2203680e-03 
193  9.4728950e-05  7.1229878e-08  5.9188374e-05  1.2034437e-03 
194  9.5155270e-05  7.3107064e-08  5.6179501e-05  1.3013121e-03 
195  9.5583510e-05  7.2858827e-08  4.8585393e-05  1.4996035e-03 
196  9.6013680e-05  6.2931351e-08  5.6125610e-05  1.1212591e-03 
197  9.6445780e-05  7.1452967e-08  5.6013168e-05  1.2756459e-03 
198  9.6879820e-05  7.1304481e-08  5.5324610e-05  1.2888384e-03 
199  9.7315820e-05  5.8783363e-08  5.5361064e-05  1.0618178e-03 
200  9.7753780e-05  6.9521020e-08  5.4692877e-05  1.2711165e-03 
201  9.8193720e-05  6.3040923e-08  5.4021529e-05  1.1669592e-03 
202  9.8635630e-05  6.6389375e-08  5.3058864e-05  1.2512400e-03 
203  9.9079530e-05  6.3120094e-08  5.2107905e-05  1.2113343e-03 
204  9.9525430e-05  5.8921588e-08  5.1684997e-05  1.1400134e-03 
205  9.9973330e-05  5.8214634e-08  4.9955499e-05  1.1653298e-03 
206  1.0042330e-04  5.5818134e-08  4.6285614e-05  1.2059500e-03 
207  1.0087520e-04  6.1556800e-08  4.5834664e-05  1.3430185e-03 
208  1.0132920e-04  5.9016438e-08  4.8667681e-05  1.2126413e-03 
209  1.0178520e-04  5.4039793e-08  4.8454772e-05  1.1152626e-03 
210  1.0224330e-04  4.7544360e-08  4.8187625e-05  9.8665082e-04 
211  1.0270340e-04  4.6707882e-08  4.7704393e-05  9.7911071e-04 
212  1.0316560e-04  3.8135229e-08  4.6939862e-05  8.1242737e-04 
213  1.0362990e-04  3.7272531e-08  4.6376092e-05  8.0370141e-04 
214  1.0409630e-04  5.4033499e-08  4.5822815e-05  1.1791833e-03 
215  1.0456480e-04  3.4890257e-08  4.4913741e-05  7.7682810e-04 
216  1.0503530e-04  4.3099068e-08  4.4336428e-05  9.7209157e-04 
217  1.0550800e-04  5.3761339e-08  4.3915947e-05  1.2241872e-03 
218  1.0598290e-04  3.3430302e-08  4.3361937e-05  7.7095960e-04 
219  1.0645980e-04  4.3925583e-08  4.2449434e-05  1.0347743e-03 
220  1.0693900e-04  5.5210370e-08  4.1617642e-05  1.3266098e-03 
221  1.0742020e-04  4.0469155e-08  4.1420422e-05  9.7703388e-04 
222  1.0790370e-04  6.0024997e-08  4.0839395e-05  1.4697818e-03 
223  1.0838930e-04  3.3088286e-08  4.0022755e-05  8.2673685e-04 
224  1.0887710e-04  4.4313523e-08  3.8001198e-05  1.1661086e-03 
225  1.0936710e-04  5.3000254e-08  3.4853836e-05  1.5206434e-03 
226  1.0985930e-04  2.6136156e-08  3.7079014e-05  7.0487731e-04 
227  1.1035370e-04  4.7795670e-08  3.8368189e-05  1.2457109e-03 
228  1.1085030e-04  4.1357381e-08  3.8195802e-05  1.0827730e-03 
229  1.1134920e-04  4.7453080e-08  3.7670479e-05  1.2596888e-03 
230  1.1185030e-04  3.8669234e-08  3.7232986e-05  1.0385746e-03 
231  1.1235370e-04  2.5239745e-08  3.6721145e-05  6.8733546e-04 
232  1.1285930e-04  2.8305277e-08  3.5778661e-05  7.9112175e-04 
233  1.1336720e-04  2.8242075e-08  3.5446373e-05  7.9675501e-04 
234  1.1387740e-04  2.7110516e-08  3.5149450e-05  7.7129275e-04 
235  1.1438990e-04  3.6535949e-08  3.4646564e-05  1.0545331e-03 
236  1.1490470e-04  3.5354064e-08  3.4536030e-05  1.0236864e-03 
237  1.1542180e-04  2.4607682e-08  3.4079160e-05  7.2207420e-04 
238  1.1594130e-04  2.0853110e-08  3.3429586e-05  6.2379203e-04 
239  1.1646310e-04  3.3725310e-08  3.2674563e-05  1.0321579e-03 
240  1.1698720e-04  3.1917187e-08  3.2454221e-05  9.8345258e-04 
241  1.1751370e-04  2.3300552e-08  3.1995561e-05  7.2824327e-04 
242  1.1804250e-04  3.6958619e-08  3.1435740e-05  1.1756879e-03 
243  1.1857380e-04  2.7515905e-08  3.1015386e-05  8.8716950e-04 
244  1.1910740e-04  3.4156248e-08  3.0977546e-05  1.1026131e-03 
245  1.1964340e-04  3.4656416e-08  3.0360341e-05  1.1415028e-03 
246  1.2018190e-04  2.4882805e-08  3.0089324e-05  8.2696457e-04 
247  1.2072280e-04  3.9349583e-08  2.9642852e-05  1.3274561e-03 
248  1.2126610e-04  3.1112667e-08  2.9304864e-05  1.0616895e-03 
249  1.2181180e-04  3.3195775e-08  2.9080288e-05  1.1415215e-03 
250  1.2236000e-04  2.1431030e-08  2.8640864e-05  7.4826759e-04 
251  1.2291070e-04  3.1121867e-08  2.8212760e-05  1.1031132e-03 
252  1.2346380e-04  2.1116211e-08  2.7881284e-05  7.5736150e-04 
253  1.2401950e-04  2.2558381e-08  2.7556911e-05  8.1861063e-04 
254  1.2457760e-04  1.9215438e-08  2.7193444e-05  7.0662024e-04 
255  1.2513830e-04  2.3215230e-08  2.6765096e-05  8.6736958e-04 
256  1.2570140e-04  2.3477957e-08  2.6271521e-05  8.9366572e-04 
257  1.2626710e-04  2.1478437e-08  2.5950719e-05  8.2766252e-04 
258  1.2683540e-04  2.1942077e-08  2.5610997e-05  8.5674435e-04 
259  1.2740620e-04  2.2738655e-08  2.4897867e-05  9.1327723e-04 
260  1.2797960e-04  1.9127764e-08  2.2517116e-05  8.4947664e-04 
261  1.2855550e-04  2.6021704e-08  2.2539734e-05  1.1544814e-03 
262  1.2913410e-04  1.8672641e-08  2.3999049e-05  7.7805755e-04 
263  1.2971530e-04  1.7778013e-08  2.3980705e-05  7.4134658e-04 
264  1.3029900e-04  2.0525036e-08  2.3711350e-05  8.6562071e-04 
265  1.3088540e-04  2.5908189e-08  2.3448989e-05  1.1048745e-03 
266  1.3147450e-04  1.9614965e-08  2.3035879e-05  8.5149625e-04 
267  1.3206610e-04  1.9436788e-08  2.2784263e-05  8.5307950e-04 
268  1.3266050e-04  1.8261611e-08  2.2490975e-05  8.1195286e-04 
269  1.3325750e-04  1.8300351e-08  2.2211529e-05  8.2391224e-04 
270  1.3385720e-04  2.4089546e-08  2.1899959e-05  1.0999813e-03 
271  1.3445970e-04  2.3557277e-08  2.1620569e-05  1.0895771e-03 
272  1.3506480e-04  2.1458995e-08  2.1290331e-05  1.0079221e-03 
273  1.3567260e-04  1.8523380e-08  2.0935977e-05  8.8476309e-04 
274  1.3628320e-04  2.0378570e-08  2.0730802e-05  9.8300924e-04 
275  1.3689650e-04  2.7140700e-08  2.0356882e-05  1.3332445e-03 
276  1.3751260e-04  2.2291480e-08  2.0025232e-05  1.1131696e-03 
277  1.3813150e-04  2.0488039e-08  1.9820050e-05  1.0337027e-03 
278  1.3875310e-04  1.8373777e-08  1.9643539e-05  9.3535982e-04 
279  1.3937760e-04  2.2735541e-08  1.9277904e-05  1.1793575e-03 
280  1.4000480e-04  1.9494810e-08  1.9036008e-05  1.0241018e-03 
281  1.4063490e-04  1.9117155e-08  1.8800560e-05  1.0168397e-03 
282  1.4126780e-04  1.8937957e-08  1.8481627e-05  1.0246910e-03 
283  1.4190360e-04  1.8067158e-08  1.8257059e-05  9.8959853e-04 
284  1.4254220e-04  1.9167201e-08  1.7917675e-05  1.0697371e-03 
285  1.4318370e-04  1.7441801e-08  1.7741362e-05  9.8311512e-04 
286  1.4382810e-04  1.9503177e-08  1.7487814e-05  1.1152438e-03 
287  1.4447540e-04  1.7720830e-08  1.7049509e-05  1.0393748e-03 
288  1.4512560e-04  1.6691857e-08  1.6859265e-05  9.9007026e-04 
289  1.4577870e-04  1.7987494e-08  1.6741014e-05  1.0744567e-03 
290  1.4643480e-04  1.5507642e-08  1.6497864e-05  9.3997881e-04 
291  1.4709380e-04  1.6482530e-08  1.6241833e-05  1.0148196e-03 
292  1.4775580e-04  1.7358858e-08  1.5946960e-05  1.0885371e-03 
293  1.4842070e-04  1.8871255e-08  1.5737551e-05  1.1991227e-03 
294  1.4908870e-04  1.8083425e-08  1.5594238e-05  1.1596223e-03 
295  1.4975970e-04  1.5425044e-08  1.5375716e-05  1.0032082e-03 
296  1.5043360e-04  1.5366931e-08  1.5064367e-05  1.0200848e-03 
297  1.5111060e-04  1.5326164e-08  1.4943553e-05  1.0256038e-03 
298  1.5179070e-04  1.4807133e-08  1.4779789e-05  1.0018501e-03 
299  1.5247380e-04  1.4683207e-08  1.4531303e-05  1.0104536e-03 
300  1.5316000e-04  2.0096979e-08  1.4323731e-05  1.4030548e-03 
301  1.5384930e-04  2.0254611e-08  1.4093991e-05  1.4371096e-03 
302  1.5454170e-04  1.4607543e-08  1.3852466e-05  1.0545085e-03 
303  1.5523720e-04  1.4740002e-08  1.3689104e-05  1.0767689e-03 
304  1.5593580e-04  1.5139310e-08  1.3462936e-05  1.1245177e-03 
305  1.5663760e-04  1.4629092e-08  1.3233795e-05  1.1054344e-03 
306  1.5734250e-04  1.4594747e-08  1.2940822e-05  1.1278068e-03 
307  1.5805060e-04  1.5110019e-08  1.2860978e-05  1.1748732e-03 
308  1.5876190e-04  1.3990103e-08  1.2194904e-05  1.1472089e-03 
309  1.5947640e-04  1.3948324e-08  1.2505253e-05  1.1153972e-03 
310  1.6019410e-04  1.3826466e-08  1.2315317e-05  1.1227049e-03 
311  1.6091510e-04  1.3755237e-08  1.1949579e-05  1.1511065e-03 
312  1.6163930e-04  1.3464538e-08  1.1684166e-05  1.1523748e-03 
313  1.6236670e-04  1.3315901e-08  1.1896366e-05  1.1193252e-03 
314  1.6309740e-04  1.3238631e-08  1.1578292e-05  1.1434011e-03 
315  1.6383140e-04  1.3199712e-08  1.1136282e-05  1.1852890e-03 
316  1.6456870e-04  1.2997852e-08  1.0762905e-05  1.2076528e-03 
317  1.6530940e-04  1.3082968e-08  1.1129857e-05  1.1754840e-03 
318  1.6605330e-04  1.2813945e-08  1.1107609e-05  1.1536186e-03 
319  1.6680060e-04  1.2750011e-08  1.0804396e-05  1.1800763e-03 
320  1.6755130e-04  1.2933821e-08  1.0301368e-05  1.2555440e-03 
321  1.6830530e-04  1.2603644e-08  9.8174966e-06  1.2837941e-03 
322  1.6906280e-04  1.2436983e-08  1.0047166e-05  1.2378599e-03 
323  1.6982360e-04  1.2411741e-08  1.0257827e-05  1.2099775e-03 
324  1.7058790e-04  1.2275666e-08  1.0098369e-05  1.2156088e-03 
325  1.7135560e-04  1.2146048e-08  9.9590757e-06  1.2195959e-03 
326  1.7212680e-04  1.2049872e-08  9.6889804e-06  1.2436677e-03 
327  1.7290140e-04  2.2608768e-08  9.0866760e-06  2.4881231e-03 
328  1.7367960e-04  1.2007238e-08  8.5426540e-06  1.4055629e-03 
329  1.7446120e-04  1.1976572e-08  8.9881406e-06  1.3324861e-03 
330  1.7524640e-04  1.1706275e-08  9.0578619e-06  1.2923883e-03 
331  1.7603500e-04  1.1664620e-08  8.9847901e-06  1.2982630e-03 
332  1.7682730e-04  1.1968442e-08  8.8615322e-06  1.3506064e-03 
333  1.7762310e-04  1.1996690e-08  8.7428466e-06  1.3721721e-03 
334  1.7842240e-04  1.1432410e-08  8.5916970e-06  1.3306346e-03 
335  1.7922540e-04  1.9189358e-08  8.4682026e-06  2.2660486e-03 
336  1.8003200e-04  1.1389150e-08  8.2707613e-06  1.3770378e-03 
337  1.8084220e-04  1.1890594e-08  7.8148267e-06  1.5215429e-03 
338  1.8165610e-04  1.1650493e-08  7.2899836e-06  1.5981508e-03 
339  1.8247360e-04  1.1104588e-08  7.5859840e-06  1.4638296e-03 
340  1.8329480e-04  1.3626064e-08  7.6946071e-06  1.7708589e-03 
341  1.8411970e-04  1.0780487e-08  7.6353826e-06  1.4119119e-03 
342  1.8494830e-04  2.1808601e-08  7.5091068e-06  2.9042870e-03 
343  1.8578070e-04  1.2638172e-08  7.3512815e-06  1.7191795e-03 
344  1.8661680e-04  1.0569729e-08  7.0751703e-06  1.4939186e-03 
345  1.8745660e-04  1.2932790e-08  6.3499493e-06  2.0366762e-03 
346  1.8830020e-04  1.7960443e-08  6.7490504e-06  2.6611807e-03 
347  1.8914770e-04  1.0316714e-08  6.8167118e-06  1.5134443e-03 
348  1.8999890e-04  1.0176934e-08  6.7809603e-06  1.5008101e-03 
349  1.9085400e-04  1.0010317e-08  6.7202852e-06  1.4895673e-03 
350  1.9171290e-04  9.8579350e-09  6.6005236e-06  1.4935080e-03 
351  1.9257570e-04  1.0309061e-08  6.4692947e-06  1.5935371e-03 
352  1.9344240e-04  1.0103338e-08  6.2671375e-06  1.6121137e-03 
353  1.9431290e-04  1.4577902e-08  5.6639257e-06  2.5738159e-03 
354  1.9518740e-04  1.2460829e-08  5.8704708e-06  2.1226286e-03 
355  1.9606580e-04  1.7617791e-08  6.0199941e-06  2.9265462e-03 
356  1.9694820e-04  1.0989046e-08  5.9644283e-06  1.8424308e-03 
357  1.9783460e-04  9.3332397e-09  5.8768422e-06  1.5881386e-03 
358  1.9872490e-04  9.5800860e-09  5.7974226e-06  1.6524733e-03 
359  1.9961920e-04  9.3961593e-09  5.7021620e-06  1.6478240e-03 
360  2.0051760e-04  9.1050193e-09  5.6144798e-06  1.6217031e-03 
361  2.0142000e-04  8.9526010e-09  5.5283396e-06  1.6194014e-03 
362  2.0232650e-04  9.1031802e-09  5.4260997e-06  1.6776655e-03 
363  2.0323710e-04  1.0132492e-08  5.3236888e-06  1.9032841e-03 
364  2.0415170e-04  8.6632888e-09  5.2496962e-06  1.6502457e-03 
365  2.0507050e-04  8.6028909e-09  5.1698967e-06  1.6640354e-03 
366  2.0599340e-04  8.4764542e-09  5.0745533e-06  1.6703843e-03 
367  2.0692040e-04  8.3955713e-09  4.9858415e-06  1.6838825e-03 
368  2.0785170e-04  8.4124777e-09  4.9091141e-06  1.7136448e-03 
369  2.0878710e-04  8.5379954e-09  4.8267816e-06  1.7688796e-03 
370  2.0972670e-04  8.1545441e-09  4.7409811e-06  1.7200119e-03 
371  2.1067060e-04  8.0715979e-09  4.6658218e-06  1.7299413e-03 
372  2.1161870e-04  8.0014144e-09  4.5784438e-06  1.7476275e-03 
373  2.1257100e-04  7.9125038e-09  4.5013743e-06  1.7577973e-03 
374  2.1352770e-04  7.8386106e-09  4.4267447e-06  1.7707392e-03 
375  2.1448860e-04  7.7604745e-09  4.3517588e-06  1.7832961e-03 
376  2.1545390e-04  7.6758831e-09  4.2259451e-06  1.8163708e-03 
377  2.1642360e-04  7.6025647e-09  3.7855472e-06  2.0083132e-03 
378  2.1739760e-04  7.5351241e-09  4.0027634e-06  1.8824805e-03 
379  2.1837590e-04  7.5145278e-09  4.0441311e-06  1.8581316e-03 
380  2.1935870e-04  7.3695096e-09  4.0119098e-06  1.8369081e-03 
381  2.2034590e-04  7.2968584e-09  3.9375546e-06  1.8531447e-03 
382  2.2133760e-04  7.2187576e-09  3.8742504e-06  1.8632656e-03 
383  2.2233370e-04  7.1486288e-09  3.8203724e-06  1.8711864e-03 
384  2.2333430e-04  7.8873145e-09  3.7582862e-06  2.0986466e-03 
385  2.2433940e-04  7.5821869e-09  3.6954338e-06  2.0517718e-03 
386  2.2534900e-04  6.9233232e-09  3.6191289e-06  1.9129805e-03 
387  2.2636320e-04  6.8992127e-09  3.5659132e-06  1.9347674e-03 
388  2.2738190e-04  7.8297665e-09  3.5106596e-06  2.2302836e-03 
389  2.2840520e-04  6.7122268e-09  3.4484796e-06  1.9464308e-03 
390  2.2943310e-04  6.6367235e-09  3.3904431e-06  1.9574797e-03 
391  2.3046570e-04  6.5656580e-09  3.3418069e-06  1.9647030e-03 
392  2.3150280e-04  1.0284185e-08  3.2833218e-06  3.1322500e-03 
393  2.3254470e-04  7.9087426e-09  3.2321282e-06  2.4469149e-03 
394  2.3359120e-04  6.3745170e-09  3.1758347e-06  2.0071942e-03 
395  2.3464250e-04  6.2990564e-09  3.1257487e-06  2.0152152e-03 
396  2.3569850e-04  7.6984247e-09  3.0737589e-06  2.5045636e-03 
397  2.3675920e-04  6.3298398e-09  3.0217036e-06  2.0947918e-03 
398  2.3782470e-04  6.1081309e-09  2.9665785e-06  2.0589817e-03 
399  2.3889510e-04  6.2299312e-09  2.9192028e-06  2.1341207e-03 
400  2.3997020e-04  5.9582256e-09  2.8716576e-06  2.0748384e-03 
401  2.4105010e-04  5.9183956e-09  2.8214487e-06  2.0976443e-03 
402  2.4213500e-04  6.7873097e-09  2.7753785e-06  2.4455438e-03 
403  2.4322470e-04  5.7870349e-09  2.7269843e-06  2.1221372e-03 
404  2.4431930e-04  5.8533222e-09  2.6832232e-06  2.1814519e-03 
405  2.4541880e-04  1.0026103e-08  2.6322101e-06  3.8090056e-03 
406  2.4652330e-04  5.5636240e-09  2.5926753e-06  2.1459008e-03 
407  2.4763280e-04  9.8622488e-09  2.5459611e-06  3.8736841e-03 
408  2.4874720e-04  6.6971020e-09  2.4983071e-06  2.6806560e-03 
409  2.4986670e-04  9.5367504e-09  2.4600140e-06  3.8767058e-03 
410  2.5099120e-04  8.1563138e-09  2.4247962e-06  3.3637111e-03 
411  2.5212070e-04  6.8638879e-09  2.3775254e-06  2.8869883e-03 
412  2.5325540e-04  5.8917415e-09  2.3406205e-06  2.5171707e-03 
413  2.5439510e-04  6.8167459e-09  2.3046262e-06  2.9578532e-03 
414  2.5554000e-04  5.2420931e-09  2.2580137e-06  2.3215507e-03 
415  2.5669010e-04  7.9315043e-09  2.2050786e-06  3.5969259e-03 
416  2.5784530e-04  5.7863417e-09  2.1863680e-06  2.6465544e-03 
417  2.5900570e-04  7.3468023e-09  2.1508175e-06  3.4158185e-03 
418  2.6017130e-04  4.9816282e-09  2.1052921e-06  2.3662409e-03 
419  2.6134220e-04  4.8922801e-09  2.0245079e-06  2.4165281e-03 
420  2.6251830e-04  7.1189796e-09  1.8501809e-06  3.8477209e-03 
421  2.6369980e-04  5.8766406e-09  1.9784330e-06  2.9703512e-03 
422  2.6488650e-04  8.0830294e-09  1.9742934e-06  4.0941380e-03 
423  2.6607860e-04  4.5878034e-09  1.9350629e-06  2.3708808e-03 
424  2.6727610e-04  4.9402608e-09  1.8588511e-06  2.6576958e-03 
425  2.6847900e-04  7.9252739e-09  1.8701449e-06  4.2377859e-03 
426  2.6968720e-04  7.5222067e-09  1.8558901e-06  4.0531532e-03 
427  2.7090090e-04  5.2267429e-09  1.8265289e-06  2.8615714e-03 
428  2.7212010e-04  7.3347595e-09  1.7967128e-06  4.0823215e-03 
429  2.7334470e-04  4.6139003e-09  1.7645057e-06  2.6148401e-03 
430  2.7457490e-04  7.0194197e-09  1.7199831e-06  4.0810981e-03 
431  2.7581060e-04  5.5812461e-09  1.6375520e-06  3.4082863e-03 
432  2.7705190e-04  4.5688298e-09  1.6553868e-06  2.7599772e-03 
433  2.7829870e-04  4.2983631e-09  1.6484360e-06  2.6075403e-03 
434  2.7955120e-04  5.1129988e-09  1.6260083e-06  3.1445097e-03 
435  2.8080930e-04  4.4330796e-09  1.5984516e-06  2.7733586e-03 
436  2.8207300e-04  4.5602033e-09  1.5715462e-06  2.9017304e-03 
437  2.8334250e-04  3.9940827e-09  1.5452115e-06  2.5848130e-03 
438  2.8461760e-04  6.3841121e-09  1.5131841e-06  4.2189923e-03 
439  2.8589850e-04  6.3415503e-09  1.4732867e-06  4.3043559e-03 
440  2.8718520e-04  5.9746468e-09  1.3899680e-06  4.2984061e-03 
441  2.8847760e-04  5.3545427e-09  1.4224234e-06  3.7643804e-03 
442  2.8977590e-04  3.8544987e-09  1.4137319e-06  2.7264708e-03 
443  2.9108000e-04  5.8098371e-09  1.3925711e-06  4.1720219e-03 
444  2.9239000e-04  4.3009939e-09  1.3688868e-06  3.1419646e-03 
445  2.9370590e-04  3.7231595e-09  1.3468438e-06  2.7643587e-03 
446  2.9502770e-04  5.1301336e-09  1.3243255e-06  3.8737709e-03 
447  2.9635540e-04  4.7859379e-09  1.3023606e-06  3.6748178e-03 
448  2.9768910e-04  4.6427662e-09  1.2796381e-06  3.6281869e-03 
449  2.9902880e-04  3.6429094e-09  1.2576630e-06  2.8965704e-03 
450  3.0037460e-04  4.8619748e-09  1.2350343e-06  3.9367125e-03 
451  3.0172640e-04  4.3384194e-09  1.2096204e-06  3.5865959e-03 
452  3.0308430e-04  3.8251384e-09  1.1471274e-06  3.3345368e-03 
453  3.0444830e-04  3.4691962e-09  1.1260154e-06  3.0809490e-03 
454  3.0581840e-04  3.3488340e-09  1.1471731e-06  2.9192055e-03 
455  3.0719480e-04  3.4029112e-09  1.1336033e-06  3.0018537e-03 
456  3.0857730e-04  3.5619545e-09  1.1129525e-06  3.2004549e-03 
457  3.0996600e-04  4.8347900e-09  1.0950492e-06  4.4151349e-03 
458  3.1136100e-04  3.1002606e-09  1.0736464e-06  2.8875994e-03 
459  3.1276220e-04  3.0657384e-09  1.0577880e-06  2.8982541e-03 
460  3.1416980e-04  3.4468807e-09  1.0400313e-06  3.3142086e-03 
461  3.1558370e-04  3.1095723e-09  1.0223440e-06  3.0416106e-03 
462  3.1700390e-04  3.0364657e-09  1.0054552e-06  3.0199910e-03 
463  3.1843060e-04  3.5389400e-09  9.8929334e-07  3.5772403e-03 
464  3.1986360e-04  2.8662964e-09  9.7232656e-07  2.9478743e-03 
465  3.2130310e-04  2.7512228e-09  9.5524152e-07  2.8801332e-03 
466  3.2274910e-04  2.7889322e-09  9.3928854e-07  2.9691965e-03 
467  3.2420160e-04  2.7641029e-09  9.2321337e-07  2.9940023e-03 
468  3.2566070e-04  2.6537715e-09  9.0658400e-07  2.9272208e-03 
469  3.2712630e-04  3.6601465e-09  8.8675157e-07  4.1275896e-03 
470  3.2859850e-04  2.5733641e-09  8.4066564e-07  3.0611030e-03 
471  3.3007730e-04  2.5329459e-09  8.3321813e-07  3.0399554e-03 
472  3.3156280e-04  2.5445287e-09  8.3499270e-07  3.0473664e-03 
473  3.3305500e-04  2.5138434e-09  8.2885700e-07  3.0329036e-03 
474  3.3455390e-04  2.6073864e-09  8.1582485e-07  3.1960125e-03 
475  3.3605950e-04  2.4517476e-09  8.0148089e-07  3.0590220e-03 
476  3.3757190e-04  2.3684346e-09  7.8732471e-07  3.0082056e-03 
477  3.3909110e-04  2.3615778e-09  7.7430486e-07  3.0499329e-03 
478  3.4061720e-04  2.3490903e-09  7.6110424e-07  3.0864239e-03 
479  3.4215010e-04  2.2608639e-09  7.4876473e-07  3.0194583e-03 
480  3.4368990e-04  2.2403539e-09  7.3685510e-07  3.0404267e-03 
481  3.4523660e-04  2.1206361e-09  7.2497890e-07  2.9251004e-03 
482  3.4679030e-04  2.1479661e-09  7.1230426e-07  3.0155177e-03 
483  3.4835100e-04  2.7784927e-09  7.0029160e-07  3.9676226e-03 
484  3.4991880e-04  2.0651751e-09  6.8843148e-07  2.9998266e-03 
485  3.5149350e-04  2.1170795e-09  6.7662734e-07  3.1288708e-03 
486  3.5307540e-04  2.0138941e-09  6.6490408e-07  3.0288491e-03 
487  3.5466440e-04  1.9633219e-09  6.5367306e-07  3.0035228e-03 
488  3.5626050e-04  1.9376265e-09  6.4224212e-07  3.0169720e-03 
489  3.5786380e-04  1.9033882e-09  6.3115103e-07  3.0157412e-03 
490  3.5947440e-04  1.8721725e-09  6.2044608e-07  3.0174621e-03 
491  3.6109220e-04  1.8521635e-09  6.0990676e-07  3.0367977e-03 
492  3.6271720e-04  1.8167905e-09  5.9964501e-07  3.0297768e-03 
493  3.6434960e-04  1.7889507e-09  5.8885050e-07  3.0380389e-03 
494  3.6598930e-04  1.8124462e-09  5.7855257e-07  3.1327252e-03 
495  3.6763640e-04  1.7384351e-09  5.6803666e-07  3.0604276e-03 
496  3.6929090e-04  1.7137015e-09  5.5696410e-07  3.0768617e-03 
497  3.7095290e-04  1.8627497e-09  5.4761093e-07  3.4015934e-03 
498  3.7262230e-04  1.6669179e-09  5.2852664e-07  3.1538956e-03 
499  3.7429930e-04  1.6447150e-09  5.1358031e-07  3.2024495e-03 
500  3.7598380e-04  1.6183197e-09  5.1141401e-07  3.1644024e-03 
501  3.7767590e-04  1.5964951e-09  5.1183144e-07  3.1191813e-03 
502  3.7937560e-04  1.5776139e-09  5.0354962e-07  3.1329859e-03 
503  3.8108290e-04  1.6680513e-09  4.9422491e-07  3.3750855e-03 
504  3.8279800e-04  1.5290391e-09  4.8637763e-07  3.1437283e-03 
505  3.8452070e-04  1.5125904e-09  4.7897222e-07  3.1579918e-03 
506  3.8625120e-04  1.4885918e-09  4.7060534e-07  3.1631425e-03 
507  3.8798950e-04  1.4854180e-09  4.6202963e-07  3.2149842e-03 
508  3.8973560e-04  1.4796781e-09  4.5321206e-07  3.2648692e-03 
509  3.9148960e-04  1.5265222e-09  4.4502288e-07  3.4302106e-03 
510  3.9325140e-04  1.4433781e-09  4.3940757e-07  3.2848275e-03 
511  3.9502120e-04  1.4062323e-09  4.3216393e-07  3.2539327e-03 
512  3.9679900e-04  1.3857221e-09  4.2500866e-07  3.2604561e-03 
513  3.9858470e-04  1.3743800e-09  4.1644060e-07  3.3003026e-03 
514  4.0037850e-04  1.6929049e-09  4.0761072e-07  4.1532393e-03 
515  4.0218040e-04  1.3327658e-09  3.9952726e-07  3.3358570e-03 
516  4.0399040e-04  1.3010573e-09  3.8584669e-07  3.3719540e-03 
517  4.0580850e-04  1.2806147e-09  3.7877160e-07  3.3809681e-03 
518  4.0763480e-04  1.2732537e-09  3.8148012e-07  3.3376671e-03 
519  4.0946930e-04  1.2694131e-09  3.7612551e-07  3.3749719e-03 
520  4.1131210e-04  1.2443551e-09  3.7023010e-07  3.3610316e-03 
521  4.1316320e-04  1.2197791e-09  3.6377497e-07  3.3531143e-03 
522  4.1502260e-04  1.2047456e-09  3.5611571e-07  3.3830171e-03 
523  4.1689040e-04  1.2177443e-09  3.4491567e-07  3.5305565e-03 
524  4.1876650e-04  1.1898344e-09  3.4322585e-07  3.4666222e-03 
525  4.2065120e-04  1.1448903e-09  3.3845880e-07  3.3826578e-03 
526  4.2254430e-04  1.1759015e-09  3.3352541e-07  3.5256730e-03 
527  4.2444590e-04  1.1357339e-09  3.2790695e-07  3.4635859e-03 
528  4.2635610e-04  1.1012057e-09  3.2230157e-07  3.4166934e-03 
529  4.2827480e-04  1.1186411e-09  3.1677928e-07  3.5312951e-03 
530  4.3020230e-04  1.1288683e-09  3.1132803e-07  3.6259771e-03 
531  4.3213830e-04  1.1314423e-09  3.0586376e-07  3.6991707e-03 
532  4.3408310e-04  1.2628852e-09  3.0021455e-07  4.2066090e-03 
533  4.3603670e-04  1.3050678e-09  2.9145082e-07  4.4778319e-03 
534  4.3799900e-04  1.2681876e-09  2.8545970e-07  4.4426151e-03 
535  4.3997020e-04  1.3157222e-09  2.8360528e-07  4.6392726e-03 
536  4.4195030e-04  1.1443811e-09  2.8000254e-07  4.0870384e-03 
537  4.4393920e-04  1.4685316e-09  2.7542145e-07  5.3319433e-03 
538  4.4593710e-04  1.2711645e-09  2.7088279e-07  4.6926735e-03 
539  4.4794400e-04  1.2499851e-09  2.6641901e-07  4.6918015e-03 
540  4.4996000e-04  1.1351059e-09  2.6184818e-07  4.3349773e-03 
541  4.5198500e-04  1.0959098e-09  2.5729832e-07  4.2592962e-03 
542  4.5401910e-04  1.0688155e-09  2.5284953e-07  4.2270814e-03 
543  4.5606240e-04  1.0544879e-09  2.4841579e-07  4.2448507e-03 
544  4.5811480e-04  1.0681333e-09  2.4397385e-07  4.3780646e-03 
545  4.6017650e-04  9.4537938e-10  2.3958544e-07  3.9458966e-03 
546  4.6224750e-04  1.2985651e-09  2.3492971e-07  5.5274622e-03 
547  4.6432780e-04  1.1610286e-09  2.2409373e-07  5.1809956e-03 
548  4.6641750e-04  9.2277653e-10  2.1873802e-07  4.2186380e-03 
549  4.6851660e-04  1.1869395e-09  2.2046205e-07  5.3838720e-03 
550  4.7062510e-04  9.6880072e-10  2.1914252e-07  4.4208706e-03 
551  4.7274310e-04  7.9800187e-10  2.1600451e-07  3.6943760e-03 
552  4.7487060e-04  1.1107828e-09  2.1229242e-07  5.2323244e-03 
553  4.7700770e-04  9.9658181e-10  2.0866264e-07  4.7760434e-03 
554  4.7915450e-04  9.2294562e-10  2.0517870e-07  4.4982526e-03 
555  4.8131080e-04  1.1365929e-09  2.0155893e-07  5.6390106e-03 
556  4.8347690e-04  8.1162794e-10  1.9812292e-07  4.0965878e-03 
557  4.8565280e-04  7.5180206e-10  1.9465727e-07  3.8621832e-03 
558  4.8783840e-04  9.9732210e-10  1.9129655e-07  5.2134870e-03 
559  4.9003390e-04  7.6731779e-10  1.8796232e-07  4.0822958e-03 
560  4.9223920e-04  9.5957719e-10  1.8470858e-07  5.1950872e-03 
561  4.9445450e-04  7.0033390e-10  1.8147873e-07  3.8590413e-03 
562  4.9667980e-04  6.9849370e-10  1.7836791e-07  3.9160278e-03 
563  4.9891500e-04  7.2845529e-10  1.7528666e-07  4.1557942e-03 
564  5.0116040e-04  8.6896217e-10  1.7220092e-07  5.0462111e-03 
565  5.0341580e-04  7.7436590e-10  1.6926480e-07  4.5748785e-03 
566  5.0568140e-04  8.3698321e-10  1.6631623e-07  5.0324808e-03 
567  5.0795710e-04  9.0133037e-10  1.6327904e-07  5.5201840e-03 
568  5.1024320e-04  9.0423709e-10  1.5982924e-07  5.6575198e-03 
569  5.1253950e-04  6.5703169e-10  1.5300011e-07  4.2943217e-03 
570  5.1484610e-04  7.2040631e-10  1.5390797e-07  4.6807602e-03 
571  5.1716310e-04  7.1304659e-10  1.5214649e-07  4.6865793e-03 
572  5.1949060e-04  5.8843546e-10  1.4977278e-07  3.9288545e-03 
573  5.2182850e-04  8.1368582e-10  1.4713198e-07  5.5303125e-03 
574  5.2417690e-04  6.8894182e-10  1.4458672e-07  4.7649038e-03 
575  5.2653590e-04  6.3711852e-10  1.4201656e-07  4.4862271e-03 
576  5.2890560e-04  5.6236931e-10  1.3962952e-07  4.0275817e-03 
577  5.3128590e-04  6.2704242e-10  1.3720370e-07  4.5701567e-03 
578  5.3367690e-04  7.0915745e-10  1.3484568e-07  5.2590298e-03 
579  5.3607860e-04  5.5605815e-10  1.3234978e-07  4.2014287e-03 
580  5.3849120e-04  5.1141729e-10  1.2998355e-07  3.9344768e-03 
581  5.4091460e-04  6.4911488e-10  1.2793985e-07  5.0735944e-03 
582  5.4334900e-04  5.5460012e-10  1.2567288e-07  4.4130455e-03 
583  5.4579430e-04  5.7296233e-10  1.2348766e-07  4.6398347e-03 
584  5.4825060e-04  5.3767721e-10  1.2131285e-07  4.4321538e-03 
585  5.5071790e-04  4.8795011e-10  1.1913630e-07  4.0957298e-03 
586  5.5319640e-04  4.7753124e-10  1.1686595e-07  4.0861453e-03 
587  5.5568600e-04  4.7288399e-10  1.1515807e-07  4.1063903e-03 
588  5.5818680e-04  5.3744167e-10  1.1308772e-07  4.7524318e-03 
589  5.6069890e-04  5.8735416e-10  1.1114421e-07  5.2846133e-03 
590  5.6322220e-04  5.8712509e-10  1.0925470e-07  5.3739115e-03 
591  5.6575700e-04  4.2758216e-10  1.0735463e-07  3.9828946e-03 
592  5.6830310e-04  4.6017199e-10  1.0544778e-07  4.3639800e-03 
593  5.7086070e-04  4.4215791e-10  1.0316733e-07  4.2858328e-03 
594  5.7342980e-04  5.2107319e-10  1.0175634e-07  5.1207931e-03 
595  5.7601050e-04  5.2581087e-10  1.0010941e-07  5.2523621e-03 
596  5.7860280e-04  3.9034593e-10  9.8334606e-08  3.9695682e-03 
597  5.8120670e-04  4.9267396e-10  9.6669303e-08  5.0964882e-03 
598  5.8382240e-04  5.4798321e-10  9.4980193e-08  5.7694472e-03 
599  5.8644980e-04  3.9838282e-10  9.3312289e-08  4.2693500e-03 
600  5.8908910e-04  4.2278452e-10  9.0945831e-08  4.6487510e-03 
601  5.9174020e-04  3.6541694e-10  8.7700919e-08  4.1666262e-03 
602  5.9440330e-04  3.6949547e-10  8.7736789e-08  4.2114086e-03 
603  5.9707840e-04  4.5004604e-10  8.6608192e-08  5.1963449e-03 
604  5.9976550e-04  4.9426424e-10  8.5456812e-08  5.7837898e-03 
605  6.0246470e-04  3.4272733e-10  8.4016031e-08  4.0793088e-03 
606  6.0517600e-04  4.5065044e-10  8.2599688e-08  5.4558371e-03 
607  6.0789950e-04  3.7301831e-10  8.1095129e-08  4.5997623e-03 
608  6.1063530e-04  3.2693902e-10  7.9650958e-08  4.1046465e-03 
609  6.1338340e-04  3.5678445e-10  7.8321262e-08  4.5553971e-03 
610  6.1614390e-04  3.1776533e-10  7.6960411e-08  4.1289454e-03 
611  6.1891680e-04  3.1252828e-10  7.5610896e-08  4.1333762e-03 
612  6.2170220e-04  3.0255638e-10  7.4278804e-08  4.0732533e-03 
613  6.2450010e-04  3.3684775e-10  7.2970046e-08  4.6162469e-03 
614  6.2731060e-04  3.7176679e-10  7.1355363e-08  5.2100750e-03 
615  6.3013380e-04  2.8610277e-10  6.9806366e-08  4.0985197e-03 
616  6.3296960e-04  2.8300755e-10  6.9224779e-08  4.0882406e-03 
617  6.3581830e-04  2.8883700e-10  6.8040959e-08  4.2450461e-03 
618  6.3867970e-04  2.8169377e-10  6.6857336e-08  4.2133562e-03 
619  6.4155400e-04  2.8540620e-10  6.5697024e-08  4.3442789e-03 
620  6.4444130e-04  2.7809130e-10  6.4541718e-08  4.3087061e-03 
621  6.4734150e-04  2.9089922e-10  6.3406184e-08  4.5878682e-03 
622  6.5025480e-04  2.9066962e-10  6.2296019e-08  4.6659421e-03 
623  6.5318120e-04  2.9536126e-10  6.1232588e-08  4.8235959e-03 
624  6.5612080e-04  2.9156606e-10  6.0168848e-08  4.8457975e-03 
625  6.5907360e-04  3.4446927e-10  5.9115705e-08  5.8270348e-03 
626  6.6203970e-04  2.7946384e-10  5.8079644e-08  4.8117348e-03 
627  6.6501920e-04  2.5893294e-10  5.7072043e-08  4.5369488e-03 
628  6.6801210e-04  2.7025047e-10  5.6074060e-08  4.8195274e-03 
629  6.7101840e-04  2.9539091e-10  5.5061311e-08  5.3647634e-03 
630  6.7403820e-04  3.2957271e-10  5.4007607e-08  6.1023387e-03 
631  6.7707170e-04  2.4320983e-10  5.2620425e-08  4.6219662e-03 
632  6.8011880e-04  3.1250312e-10  5.1923448e-08  6.0185356e-03 
633  6.8317960e-04  3.0886745e-10  5.1330904e-08  6.0171833e-03 
634  6.8625420e-04  2.9286367e-10  5.0443604e-08  5.8057642e-03 
635  6.8934260e-04  2.2324582e-10  4.9559742e-08  4.5045799e-03 
636  6.9244490e-04  2.3803697e-10  4.8690929e-08  4.8887334e-03 
637  6.9556120e-04  2.4920728e-10  4.7840485e-08  5.2091295e-03 
638  6.9869150e-04  2.1718419e-10  4.7005626e-08  4.6203871e-03 
639  7.0183590e-04  2.2357371e-10  4.6176767e-08  4.8416926e-03 
640  7.0499450e-04  2.5751179e-10  4.5375972e-08  5.6750693e-03 
641  7.0816730e-04  2.7977025e-10  4.4591946e-08  6.2740085e-03 
642  7.1135430e-04  2.1489337e-10  4.3816056e-08  4.9044436e-03 
643  7.1455570e-04  2.0671201e-10  4.3045850e-08  4.8021356e-03 
644  7.1777150e-04  2.2239976e-10  4.2292498e-08  5.2586101e-03 
645  7.2100170e-04  1.9487173e-10  4.1533131e-08  4.6919585e-03 
646  7.2424650e-04  2.1298118e-10  4.0811566e-08  5.2186477e-03 
647  7.2750600e-04  2.4702931e-10  4.0111049e-08  6.1586349e-03 
648  7.3078000e-04  1.9583055e-10  3.9415011e-08  4.9684256e-03 
649  7.3406880e-04  2.2719996e-10  3.8717434e-08  5.8681564e-03 
650  7.3737240e-04  1.8479912e-10  3.8052094e-08  4.8564771e-03 
651  7.4069090e-04  2.2795322e-10  3.7351932e-08  6.1028496e-03 
652  7.4402430e-04  2.1590246e-10  3.6243864e-08  5.9569381e-03 
653  7.4737280e-04  2.1797692e-10  3.5112769e-08  6.2079105e-03 
654  7.5073620e-04  1.6695468e-10  3.4520776e-08  4.8363538e-03 
655  7.5411490e-04  1.7001811e-10  3.4709490e-08  4.8983177e-03 
656  7.5750870e-04  1.7811449e-10  3.4207306e-08  5.2069139e-03 
657  7.6091780e-04  1.6828700e-10  3.3627579e-08  5.0044340e-03 
658  7.6434220e-04  1.5579994e-10  3.3042540e-08  4.7151322e-03 
659  7.6778210e-04  1.4724455e-10  3.2466542e-08  4.5352704e-03 
660  7.7123740e-04  1.5414430e-10  3.1899714e-08  4.8321532e-03 
661  7.7470830e-04  1.5434878e-10  3.1333626e-08  4.9259790e-03 
662  7.7819480e-04  1.7272575e-10  3.0749083e-08  5.6172651e-03 
663  7.8169700e-04  1.4438705e-10  3.0251952e-08  4.7728177e-03 
664  7.8521500e-04  1.3560785e-10  2.9726692e-08  4.5618209e-03 
665  7.8874880e-04  1.7205035e-10  2.9202379e-08  5.8916553e-03 
666  7.9229840e-04  1.3873657e-10  2.8691152e-08  4.8355174e-03 
667  7.9586410e-04  1.6466101e-10  2.8188834e-08  5.8413559e-03 
668  7.9944580e-04  1.4275664e-10  2.7693524e-08  5.1548744e-03 
669  8.0304370e-04  1.3523984e-10  2.7208667e-08  4.9704692e-03 
670  8.0665770e-04  1.5118091e-10  2.6734430e-08  5.6549142e-03 
671  8.1028800e-04  1.2828940e-10  2.6265159e-08  4.8843945e-03 
672  8.1393460e-04  1.2294909e-10  2.5740908e-08  4.7764083e-03 
673  8.1759760e-04  1.2365176e-10  2.5319900e-08  4.8835799e-03 
674  8.2127720e-04  1.2533370e-10  2.4905466e-08  5.0323770e-03 
675  8.2497330e-04  1.1699691e-10  2.4472349e-08  4.7807799e-03 
676  8.2868600e-04  1.1610225e-10  2.4043780e-08  4.8287851e-03 
677  8.3241540e-04  1.1691181e-10  2.3617348e-08  4.9502516e-03 
678  8.3616160e-04  1.2173808e-10  2.3201960e-08  5.2468878e-03 
679  8.3992470e-04  1.1942861e-10  2.2797862e-08  5.2385882e-03 
680  8.4370470e-04  1.0560161e-10  2.2402372e-08  4.7138585e-03 
681  8.4750170e-04  1.0296483e-10  2.2013268e-08  4.6773988e-03 
682  8.5131580e-04  1.0341902e-10  2.1625063e-08  4.7823683e-03 
683  8.5514710e-04  1.0187868e-10  2.1244615e-08  4.7955061e-03 
684  8.5899560e-04  9.8420541e-11  2.0873020e-08  4.7152037e-03 
685  8.6286140e-04  1.0238614e-10  2.0479005e-08  4.9995662e-03 
686  8.6674470e-04  9.4585600e-11  2.0052564e-08  4.7168830e-03 
687  8.7064540e-04  9.1389675e-11  1.9745835e-08  4.6283014e-03 
688  8.7456360e-04  9.3367256e-11  1.9241474e-08  4.8523962e-03 
689  8.7849950e-04  8.8581448e-11  1.8926144e-08  4.6803749e-03 
690  8.8245310e-04  8.9889797e-11  1.8764178e-08  4.7905001e-03 
691  8.8642450e-04  8.3681893e-11  1.8436305e-08  4.5389731e-03 
692  8.9041380e-04  8.3427962e-11  1.8114786e-08  4.6055174e-03 
693  8.9442100e-04  8.2161080e-11  1.7798872e-08  4.6160836e-03 
694  8.9844630e-04  8.1400845e-11  1.7483305e-08  4.6559187e-03 
695  9.0248970e-04  7.8571016e-11  1.7180453e-08  4.5732795e-03 
696  9.0655120e-04  9.3665914e-11  1.6877334e-08  5.5498050e-03 
697  9.1063110e-04  7.6833546e-11  1.6581034e-08  4.6338211e-03 
698  9.1472930e-04  7.4569032e-11  1.6291672e-08  4.5771258e-03 
699  9.1884600e-04  7.3828018e-11  1.6007639e-08  4.6120493e-03 
700  9.2298120e-04  7.5230863e-11  1.5724299e-08  4.7843699e-03 
701  9.2713490e-04  7.5319769e-11  1.5448157e-08  4.8756475e-03 
702  9.3130740e-04  7.1375699e-11  1.5176737e-08  4.7029673e-03 
703  9.3549870e-04  7.1269896e-11  1.4862132e-08  4.7954019e-03 
704  9.3970880e-04  7.3398930e-11  1.4564058e-08  5.0397305e-03 
705  9.4393790e-04  8.3988932e-11  1.4374264e-08  5.8430074e-03 
706  9.4818600e-04  7.2606093e-11  1.4139203e-08  5.1350910e-03 
707  9.5245320e-04  6.6848804e-11  1.3886916e-08  4.8137976e-03 
708  9.5673970e-04  6.7391635e-11  1.3644389e-08  4.9391463e-03 
709  9.6104540e-04  6.3893709e-11  1.3406853e-08  4.7657500e-03 
710  9.6537050e-04  6.2748454e-11  1.3174945e-08  4.7627108e-03 
711  9.6971510e-04  6.1254726e-11  1.2943897e-08  4.7323251e-03 
712  9.7407920e-04  6.1162345e-11  1.2711926e-08  4.8114146e-03 
713  9.7846290e-04  6.4139916e-11  1.2488043e-08  5.1361062e-03 
714  9.8286640e-04  6.2898332e-11  1.2270940e-08  5.1257955e-03 
715  9.8728970e-04  5.9128097e-11  1.2055470e-08  4.9046697e-03 
716  9.9173290e-04  5.7484960e-11  1.1845241e-08  4.8530003e-03 
717  9.9619610e-04  5.6683169e-11  1.1634122e-08  4.8721483e-03 
718  1.0006790e-03  5.4729337e-11  1.1427418e-08  4.7893004e-03 
719  1.0051830e-03  5.3555283e-11  1.1225704e-08  4.7707729e-03 
720  1.0097070e-03  5.4328354e-11  1.1027332e-08  4.9266997e-03 
721  1.0142510e-03  5.1776101e-11  1.0832469e-08  4.7797139e-03 
722  1.0188150e-03  5.1858928e-11  1.0641058e-08  4.8734746e-03 
723  1.0234000e-03  5.2172586e-11  1.0453022e-08  4.9911486e-03 
724  1.0280060e-03  5.2307451e-11  1.0268305e-08  5.0940689e-03 
725  1.0326330e-03  6.0787956e-11  1.0086859e-08  6.0264506e-03 
726  1.0372800e-03  4.8816968e-11  9.9086137e-09  4.9267203e-03 
727  1.0419480e-03  4.7962352e-11  9.7335220e-09  4.9275434e-03 
728  1.0466370e-03  4.8809420e-11  9.5615206e-09  5.1047760e-03 
729  1.0513470e-03  4.5499772e-11  9.3925622e-09  4.8442343e-03 
730  1.0560790e-03  4.5878603e-11  9.2265917e-09  4.9724323e-03 
731  1.0608320e-03  4.4265153e-11  9.0635459e-09  4.8838671e-03 
732  1.0656060e-03  4.8249625e-11  8.9033934e-09  5.4192400e-03 
733  1.0704020e-03  4.3437912e-11  8.7460631e-09  4.9665674e-03 
734  1.0752190e-03  4.1642836e-11  8.5915078e-09  4.8469765e-03 
735  1.0800580e-03  4.2257521e-11  8.4396881e-09  5.0070003e-03 
736  1.0849180e-03  4.0095225e-11  8.2905566e-09  4.8362524e-03 
737  1.0898010e-03  4.1466144e-11  8.1440582e-09  5.0915825e-03 
738  1.0947060e-03  3.9740635e-11  8.0001456e-09  4.9674889e-03 
739  1.0996320e-03  4.2217019e-11  7.8587754e-09  5.3719590e-03 
740  1.1045810e-03  4.8422176e-11  7.7199051e-09  6.2723798e-03 
741  1.1095520e-03  3.9866645e-11  7.5834881e-09  5.2570328e-03 
742  1.1145460e-03  4.1185514e-11  7.4494818e-09  5.5286415e-03 
743  1.1195610e-03  3.7199969e-11  7.3178438e-09  5.0834604e-03 
744  1.1246000e-03  3.8233402e-11  7.1885321e-09  5.3186661e-03 
745  1.1296610e-03  3.5864121e-11  7.0615051e-09  5.0788211e-03 
746  1.1347450e-03  3.6661421e-11  6.9367233e-09  5.2851208e-03 
747  1.1398520e-03  3.5730398e-11  6.8141457e-09  5.2435624e-03 
748  1.1449820e-03  3.4398880e-11  6.6937345e-09  5.1389669e-03 
749  1.1501350e-03  3.5660442e-11  6.5754518e-09  5.4232688e-03 
750  1.1553110e-03  3.6288991e-11  6.4592582e-09  5.6181360e-03 
751  1.1605100e-03  4.1683157e-11  6.3451183e-09  6.5693270e-03 
752  1.1657330e-03  3.3077518e-11  6.2329950e-09  5.3068418e-03 
753  1.1709790e-03  3.0712380e-11  6.1228536e-09  5.0160239e-03 
754  1.1762490e-03  3.6668289e-11  6.0146578e-09  6.0964881e-03 
755  1.1815430e-03  3.3271783e-11  5.9083745e-09  5.6312921e-03 
756  1.1868600e-03  3.5736110e-11  5.8039691e-09  6.1571847e-03 
757  1.1922010e-03  3.2573236e-11  5.7014084e-09  5.7131912e-03 
758  1.1975670e-03  3.0141963e-11  5.6006601e-09  5.3818589e-03 
759  1.2029560e-03  2.8840876e-11  5.5016919e-09  5.2421830e-03 
760  1.2083700e-03  2.7648134e-11  5.4044730e-09  5.1157871e-03 
761  1.2138080e-03  2.8685640e-11  5.3089720e-09  5.4032381e-03 
762  1.2192710e-03  2.8722963e-11  5.2151580e-09  5.5075922e-03 
763  1.2247580e-03  2.6958694e-11  5.1230027e-09  5.2622837e-03 
764  1.2302700e-03  2.8246567e-11  5.0324753e-09  5.6128576e-03 
765  1.2358070e-03  2.5795733e-11  4.9435475e-09  5.2180611e-03 
766  1.2413680e-03  3.0442482e-11  4.8561908e-09  6.2687985e-03 
767  1.2469550e-03  2.6464624e-11  4.7703786e-09  5.5476989e-03 
768  1.2525670e-03  2.5939235e-11  4.6860823e-09  5.5353776e-03 
769  1.2582040e-03  2.4516330e-11  4.6032760e-09  5.3258440e-03 
770  1.2638660e-03  2.5558557e-11  4.5219320e-09  5.6521321e-03 
771  1.2695540e-03  2.4527692e-11  4.4420260e-09  5.5217353e-03 
772  1.2752680e-03  2.3698146e-11  4.3635320e-09  5.4309551e-03 
773  1.2810070e-03  2.3755718e-11  4.2864254e-09  5.5420812e-03 
774  1.2867720e-03  2.3419891e-11  4.2106811e-09  5.5620196e-03 
775  1.2925630e-03  2.2756492e-11  4.1362754e-09  5.5016869e-03 
776  1.2983800e-03  2.1712844e-11  4.0631839e-09  5.3438004e-03 
777  1.3042230e-03  2.4001307e-11  3.9913845e-09  6.0132787e-03 
778  1.3100930e-03  2.1045333e-11  3.9208535e-09  5.3675387e-03 
779  1.3159890e-03  2.6226181e-11  3.8515689e-09  6.8092204e-03 
780  1.3219110e-03  2.0372343e-11  3.7835086e-09  5.3845108e-03 
781  1.3278600e-03  2.2834254e-11  3.7166513e-09  6.1437708e-03 
782  1.3338360e-03  2.1710998e-11  3.6509750e-09  5.9466303e-03 
783  1.3398390e-03  1.9042940e-11  3.5864599e-09  5.3096761e-03 
784  1.3458690e-03  2.4027786e-11  3.5230847e-09  6.8200989e-03 
785  1.3519260e-03  1.8320265e-11  3.4608290e-09  5.2936061e-03 
786  1.3580100e-03  2.0775665e-11  3.3996730e-09  6.1110773e-03 
787  1.3641220e-03  2.0973303e-11  3.3395987e-09  6.2801866e-03 
788  1.3702610e-03  1.8599651e-11  3.2805855e-09  5.6696132e-03 
789  1.3764280e-03  1.9748962e-11  3.2226144e-09  6.1282423e-03 
790  1.3826220e-03  1.9647966e-11  3.1656690e-09  6.2065762e-03 
791  1.3888440e-03  1.8226416e-11  3.1097288e-09  5.8610951e-03 
792  1.3950950e-03  1.8470337e-11  3.0547779e-09  6.0463763e-03 
793  1.4013730e-03  1.7755216e-11  3.0007974e-09  5.9168324e-03 
794  1.4076800e-03  1.8071366e-11  2.9477709e-09  6.1305192e-03 
795  1.4140150e-03  1.8784069e-11  2.8956817e-09  6.4869247e-03 
796  1.4203790e-03  1.8023150e-11  2.8445125e-09  6.3361122e-03 
797  1.4267710e-03  1.6270299e-11  2.7942483e-09  5.8227821e-03 
798  1.4331920e-03  1.6954808e-11  2.7448719e-09  6.1769034e-03 
799  1.4396420e-03  1.6371587e-11  2.6963673e-09  6.0717201e-03 
800  1.4461210e-03  1.5751293e-11  2.6487204e-09  5.9467557e-03 
801  1.4526290e-03  1.5234467e-11  2.6019155e-09  5.8550965e-03 
802  1.4591670e-03  1.5218440e-11  2.5559376e-09  5.9541518e-03 
803  1.4657340e-03  1.7035650e-11  2.5107724e-09  6.7850235e-03 
804  1.4723300e-03  1.4842050e-11  2.4664051e-09  6.0176854e-03 
805  1.4789560e-03  1.4731151e-11  2.4228222e-09  6.0801617e-03 
806  1.4856120e-03  1.4265201e-11  2.3800087e-09  5.9937600e-03 
807  1.4922980e-03  1.2936877e-11  2.3379528e-09  5.5334209e-03 
808  1.4990140e-03  1.3908988e-11  2.2966387e-09  6.0562370e-03 
809  1.5057600e-03  1.5656353e-11  2.2560554e-09  6.9397025e-03 
810  1.5125370e-03  1.2257971e-11  2.2161895e-09  5.5311022e-03 
811  1.5193440e-03  1.5263709e-11  2.1770276e-09  7.0112608e-03 
812  1.5261810e-03  1.4946256e-11  2.1385579e-09  6.9889415e-03 
813  1.5330500e-03  1.1830431e-11  2.1007677e-09  5.6314797e-03 
814  1.5399490e-03  1.1667981e-11  2.0636461e-09  5.6540608e-03 
815  1.5468790e-03  1.4360089e-11  2.0271796e-09  7.0837775e-03 
816  1.5538410e-03  1.0766190e-11  1.9913579e-09  5.4064566e-03 
817  1.5608340e-03  1.1010290e-11  1.9561693e-09  5.6284954e-03 
818  1.5678580e-03  1.1080565e-11  1.9216019e-09  5.7663166e-03 
819  1.5749140e-03  1.1235736e-11  1.8876454e-09  5.9522494e-03 
820  1.5820020e-03  1.0599966e-11  1.8542897e-09  5.7164562e-03 
821  1.5891220e-03  1.0744080e-11  1.8215229e-09  5.8984049e-03 
822  1.5962730e-03  9.5784647e-12  1.7893355e-09  5.3530848e-03 
823  1.6034570e-03  1.0455347e-11  1.7577165e-09  5.9482558e-03 
824  1.6106740e-03  1.2055180e-11  1.7266565e-09  6.9818060e-03 
825  1.6179220e-03  9.5534591e-12  1.6961451e-09  5.6324540e-03 
826  1.6252040e-03  9.7204163e-12  1.6661730e-09  5.8339780e-03 
827  1.6325180e-03  9.7386391e-12  1.6367298e-09  5.9500591e-03 
828  1.6398650e-03  9.2861100e-12  1.6078077e-09  5.7756346e-03 
829  1.6472450e-03  1.1260312e-11  1.5793965e-09  7.1295030e-03 
830  1.6546580e-03  8.7596677e-12  1.5514875e-09  5.6459802e-03 
831  1.6621050e-03  1.0806119e-11  1.5240712e-09  7.0902982e-03 
832  1.6695850e-03  8.3895885e-12  1.4971397e-09  5.6037446e-03 
833  1.6770990e-03  8.3986592e-12  1.4706844e-09  5.7107149e-03 
834  1.6846460e-03  9.0285604e-12  1.4446965e-09  6.2494511e-03 
835  1.6922280e-03  8.0981673e-12  1.4191675e-09  5.7062801e-03 
836  1.6998440e-03  8.7024153e-12  1.3940894e-09  6.2423651e-03 
837  1.7074940e-03  7.4499201e-12  1.3694552e-09  5.4400612e-03 
838  1.7151780e-03  8.8573250e-12  1.3452561e-09  6.5841180e-03 
839  1.7228970e-03  9.2543940e-12  1.3214843e-09  7.0030297e-03 
840  1.7306510e-03  7.5551119e-12  1.2981327e-09  5.8199842e-03 
841  1.7384390e-03  7.7320793e-12  1.2751934e-09  6.0634561e-03 
842  1.7462630e-03  7.6676836e-12  1.2526601e-09  6.1211205e-03 
843  1.7541220e-03  7.7296176e-12  1.2305241e-09  6.2815651e-03 
844  1.7620160e-03  8.5867864e-12  1.2087800e-09  7.1036802e-03 
845  1.7699460e-03  7.6580205e-12  1.1874197e-09  6.4492953e-03 
846  1.7779110e-03  6.4973374e-12  1.1664371e-09  5.5702423e-03 
847  1.7859130e-03  6.8227438e-12  1.1458258e-09  5.9544337e-03 
848  1.7939500e-03  7.8269845e-12  1.1255779e-09  6.9537474e-03 
849  1.8020240e-03  6.4708749e-12  1.1056879e-09  5.8523519e-03 
850  1.8101340e-03  6.5018169e-12  1.0861496e-09  5.9861156e-03 
851  1.8182800e-03  6.7967972e-12  1.0669565e-09  6.3702665e-03 
852  1.8264630e-03  5.9236485e-12  1.0481024e-09  5.6517842e-03 
853  1.8346830e-03  7.0447329e-12  1.0295818e-09  6.8423248e-03 
854  1.8429400e-03  7.2779748e-12  1.0113883e-09  7.1960241e-03 
855  1.8512340e-03  5.5960988e-12  9.9351652e-10  5.6326178e-03 
856  1.8595650e-03  6.2285709e-12  9.7596004e-10  6.3819937e-03 
857  1.8679340e-03  5.3973314e-12  9.5871418e-10  5.6297607e-03 
858  1.8763400e-03  5.9401268e-12  9.4177341e-10  6.3073843e-03 
859  1.8847840e-03  5.3973177e-12  9.2513142e-10  5.8341092e-03 
860  1.8932670e-03  6.5002917e-12  9.0878348e-10  7.1527397e-03 
861  1.9017870e-03  5.9921551e-12  8.9272487e-10  6.7122081e-03 
862  1.9103460e-03  5.1620057e-12  8.7694927e-10  5.8863219e-03 
863  1.9189430e-03  6.0938853e-12  8.6145275e-10  7.0739635e-03 
864  1.9275790e-03  5.1863502e-12  8.4623057e-10  6.1287672e-03 
865  1.9362540e-03  5.7133553e-12  8.3127722e-10  6.8729843e-03 
866  1.9449680e-03  5.8186564e-12  8.1658797e-10  7.1255721e-03 
867  1.9537210e-03  4.5971954e-12  8.0215808e-10  5.7310342e-03 
868  1.9625140e-03  4.6973360e-12  7.8798322e-10  5.9612133e-03 
869  1.9713460e-03  5.0482464e-12  7.7405897e-10  6.5217852e-03 
870  1.9802180e-03  5.2314998e-12  7.6038077e-10  6.8801053e-03 
871  1.9891300e-03  5.2054010e-12  7.4694420e-10  6.9689289e-03 
872  1.9980820e-03  4.3077664e-12  7.3374515e-10  5.8709299e-03 
873  2.0070740e-03  4.7210811e-12  7.2077930e-10  6.5499676e-03 
874  2.0161060e-03  4.2375791e-12  7.0804262e-10  5.9849210e-03 
875  2.0251800e-03  4.8003548e-12  6.9553094e-10  6.9017129e-03 
876  2.0342940e-03  4.8954129e-12  6.8324038e-10  7.1649935e-03 
877  2.0434490e-03  4.8810939e-12  6.7116702e-10  7.2725474e-03 
878  2.0526450e-03  3.8734717e-12  6.5930698e-10  5.8750655e-03 
879  2.0618830e-03  3.7945304e-12  6.4765648e-10  5.8588627e-03 
880  2.0711620e-03  4.5935955e-12  6.3621190e-10  7.2202288e-03 
881  2.0804840e-03  4.0554709e-12  6.2496961e-10  6.4890690e-03 
882  2.0898470e-03  3.5640087e-12  6.1392590e-10  5.8052750e-03 
883  2.0992520e-03  3.6604464e-12  6.0307739e-10  6.0696131e-03 
884  2.1086990e-03  3.8726169e-12  5.9242053e-10  6.5369390e-03 
885  2.1181890e-03  3.8098652e-12  5.8195200e-10  6.5467001e-03 
886  2.1277220e-03  3.8205419e-12  5.7166850e-10  6.6831424e-03 
887  2.1372980e-03  3.8895925e-12  5.6156663e-10  6.9263243e-03 
888  2.1469160e-03  3.1398884e-12  5.5164332e-10  5.6918815e-03 
889  2.1565780e-03  3.0777624e-12  5.4189534e-10  5.6796252e-03 
890  2.1662840e-03  3.4303149e-12  5.3231969e-10  6.4440879e-03 
891  2.1760330e-03  3.3374218e-12  5.2291314e-10  6.3823637e-03 
892  2.1858260e-03  3.7433990e-12  5.1367294e-10  7.2875145e-03 
893  2.1956630e-03  3.6343580e-12  5.0459592e-10  7.2025118e-03 
894  2.2055440e-03  3.3056908e-12  4.9567933e-10  6.6690108e-03 
895  2.2154700e-03  2.9168502e-12  4.8692025e-10  5.9904065e-03 
896  2.2254410e-03  3.4940321e-12  4.7831600e-10  7.3048615e-03 
897  2.2354560e-03  2.8278032e-12  4.6986383e-10  6.0183462e-03 
898  2.2455170e-03  2.6999007e-12  4.6156096e-10  5.8494996e-03 
899  2.2556220e-03  2.9642444e-12  4.5340481e-10  6.5377436e-03 
900  2.2657740e-03  2.9337575e-12  4.4539285e-10  6.5868984e-03 
901  2.2759710e-03  2.6132817e-12  4.3752239e-10  5.9729095e-03 
902  2.2862130e-03  2.4326580e-12  4.2979108e-10  5.6600943e-03 
903  2.2965020e-03  2.4416402e-12  4.2219631e-10  5.7831870e-03 
904  2.3068380e-03  2.2656723e-12  4.1473580e-10  5.4629293e-03 
905  2.3172190e-03  2.5363305e-12  4.0740709e-10  6.2255432e-03 
906  2.3276480e-03  2.8086149e-12  4.0020792e-10  7.0178894e-03 
907  2.3381230e-03  2.4232850e-12  3.9313590e-10  6.1639880e-03 
908  2.3486460e-03  2.3758954e-12  3.8618891e-10  6.1521585e-03 
909  2.3592150e-03  2.2004517e-12  3.7936467e-10  5.8003602e-03 
910  2.3698330e-03  2.0784206e-12  3.7266097e-10  5.5772426e-03 
911  2.3804980e-03  2.1519734e-12  3.6607576e-10  5.8784920e-03 
912  2.3912110e-03  2.3611389e-12  3.5960690e-10  6.5658886e-03 
913  2.4019730e-03  2.5252108e-12  3.5325244e-10  7.1484598e-03 
914  2.4127830e-03  2.2840693e-12  3.4701015e-10  6.5821397e-03 
915  2.4236410e-03  1.8721934e-12  3.4087824e-10  5.4922645e-03 
916  2.4345490e-03  2.2688003e-12  3.3485464e-10  6.7754781e-03 
917  2.4455050e-03  2.2975939e-12  3.2893755e-10  6.9848938e-03 
918  2.4565110e-03  2.3328204e-12  3.2312492e-10  7.2195621e-03 
919  2.4675660e-03  1.7902045e-12  3.1741508e-10  5.6399477e-03 
920  2.4786710e-03  2.1580993e-12  3.1180608e-10  6.9212869e-03 
921  2.4898260e-03  1.7015607e-12  3.0629625e-10  5.5552778e-03 
922  2.5010310e-03  1.9952794e-12  3.0088378e-10  6.6313959e-03 
923  2.5122870e-03  1.6670234e-12  2.9556693e-10  5.6400878e-03 
924  2.5235930e-03  1.6493308e-12  2.9034406e-10  5.6806081e-03 
925  2.5349510e-03  2.0531717e-12  2.8521342e-10  7.1987205e-03 
926  2.5463590e-03  1.5056839e-12  2.8017353e-10  5.3741119e-03 
927  2.5578190e-03  1.9427523e-12  2.7522263e-10  7.0588393e-03 
928  2.5693300e-03  1.6189827e-12  2.7035925e-10  5.9882645e-03 
929  2.5808930e-03  1.4691288e-12  2.6558179e-10  5.5317378e-03 
930  2.5925080e-03  1.9057947e-12  2.6088876e-10  7.3050089e-03 
931  2.6041750e-03  1.4725824e-12  2.5627867e-10  5.7460201e-03 
932  2.6158950e-03  1.4148762e-12  2.5175002e-10  5.6201633e-03 
933  2.6276680e-03  1.4232831e-12  2.4730138e-10  5.7552576e-03 
934  2.6394930e-03  1.3247605e-12  2.4293134e-10  5.4532301e-03 
935  2.6513720e-03  1.3982375e-12  2.3863856e-10  5.8592268e-03 
936  2.6633040e-03  1.7092408e-12  2.3442170e-10  7.2913080e-03 
937  2.6752900e-03  1.7005415e-12  2.3027925e-10  7.3846925e-03 
938  2.6873300e-03  1.6350343e-12  2.2621004e-10  7.2279474e-03 
939  2.6994240e-03  1.2637920e-12  2.2221273e-10  5.6873068e-03 
940  2.7115730e-03  1.3489937e-12  2.1828606e-10  6.1799351e-03 
941  2.7237760e-03  1.1906511e-12  2.1442876e-10  5.5526649e-03 
942  2.7360340e-03  1.3841363e-12  2.1063965e-10  6.5711097e-03 
943  2.7483470e-03  1.1626492e-12  2.0691748e-10  5.6189030e-03 
944  2.7607160e-03  1.2516266e-12  2.0326113e-10  6.1577273e-03 
945  2.7731400e-03  1.2063506e-12  1.9966934e-10  6.0417418e-03 
946  2.7856210e-03  1.4465075e-12  1.9614102e-10  7.3748341e-03 
947  2.7981570e-03  1.2221214e-12  1.9267506e-10  6.3429143e-03 
948  2.8107500e-03  1.3894477e-12  1.8927035e-10  7.3410744e-03 
949  2.8234000e-03  1.3346383e-12  1.8592579e-10  7.1783391e-03 
950  2.8361060e-03  1.1629728e-12  1.8264035e-10  6.3675564e-03 
951  2.8488700e-03  1.3219284e-12  1.7941294e-10  7.3680773e-03 
952  2.8616910e-03  1.1965969e-12  1.7624261e-10  6.7894869e-03 
953  2.8745700e-03  1.0579270e-12  1.7312825e-10  6.1106549e-03 
954  2.8875060e-03  9.2763093e-13  1.7006891e-10  5.4544415e-03 
955  2.9005010e-03  1.2157511e-12  1.6706374e-10  7.2771692e-03 
956  2.9135550e-03  1.1866137e-12  1.6411154e-10  7.2305322e-03 
957  2.9266670e-03  9.6812822e-13  1.6121161e-10  6.0053258e-03 
958  2.9398380e-03  9.7785448e-13  1.5836284e-10  6.1747724e-03 
959  2.9530690e-03  1.1245874e-12  1.5556444e-10  7.2290772e-03 
960  2.9663590e-03  8.4529044e-13  1.5281548e-10  5.5314450e-03 
961  2.9797080e-03  8.4817801e-13  1.5011516e-10  5.6501823e-03 
962  2.9931180e-03  8.9640302e-13  1.4746253e-10  6.0788528e-03 
963  3.0065890e-03  9.2353575e-13  1.4485673e-10  6.3755115e-03 
964  3.0201190e-03  9.9199176e-13  1.4229697e-10  6.9712781e-03 
965  3.0337110e-03  8.5284068e-13  1.3978246e-10  6.1011994e-03 
966  3.0473640e-03  8.7431601e-13  1.3731242e-10  6.3673485e-03 
967  3.0610790e-03  8.3017809e-13  1.3488604e-10  6.1546626e-03 
968  3.0748550e-03  8.7640115e-13  1.3250248e-10  6.6142246e-03 
969  3.0886930e-03  9.4773603e-13  1.3016109e-10  7.2812545e-03 
970  3.1025930e-03  7.1926601e-13  1.2786101e-10  5.6253741e-03 
971  3.1165560e-03  8.7810699e-13  1.2560161e-10  6.9912080e-03 
972  3.1305820e-03  7.1797908e-13  1.2338210e-10  5.8191511e-03 
973  3.1446710e-03  6.7649325e-13  1.2120185e-10  5.5815423e-03 
974  3.1588230e-03  8.7816124e-13  1.1906015e-10  7.3757781e-03 
975  3.1730390e-03  8.6078541e-13  1.1695629e-10  7.3598898e-03 
976  3.1873190e-03  6.6807404e-13  1.1488956e-10  5.8149237e-03 
977  3.2016630e-03  7.9038466e-13  1.1285941e-10  7.0032675e-03 
978  3.2160720e-03  6.2436694e-13  1.1086505e-10  5.6317741e-03 
979  3.2305460e-03  8.0455618e-13  1.0890601e-10  7.3876194e-03 
980  3.2450850e-03  6.7293051e-13  1.0698158e-10  6.2901529e-03 
981  3.2596890e-03  5.6786288e-13  1.0509113e-10  5.4035283e-03 
982  3.2743590e-03  6.4987959e-13  1.0323402e-10  6.2952076e-03 
983  3.2890950e-03  7.4702625e-13  1.0140987e-10  7.3664061e-03 
984  3.3038970e-03  6.8023785e-13  9.9617876e-11  6.8284718e-03 
985  3.3187660e-03  6.3887587e-13  9.7857499e-11  6.5286347e-03 
986  3.3337020e-03  5.5202487e-13  9.6128340e-11  5.7425819e-03 
987  3.3487050e-03  5.5908601e-13  9.4429612e-11  5.9206640e-03 
988  3.3637750e-03  6.6218427e-13  9.2760998e-11  7.1386065e-03 
989  3.3789140e-03  5.2961218e-13  9.1121869e-11  5.8121304e-03 
990  3.3941200e-03  5.9358022e-13  8.9511671e-11  6.6313165e-03 
991  3.4093950e-03  4.9826823e-13  8.7929933e-11  5.6666508e-03 
992  3.4247390e-03  6.0721000e-13  8.6376103e-11  7.0298379e-03 
993  3.4401510e-03  5.1004782e-13  8.4849786e-11  6.0111857e-03 
994  3.4556340e-03  6.0784760e-13  8.3350430e-11  7.2926750e-03 
995  3.4711850e-03  5.8189066e-13  8.1877563e-11  7.1068391e-03 
996  3.4868070e-03  5.9961185e-13  8.0430711e-11  7.4550111e-03 
997  3.5024990e-03  5.2248577e-13  7.9009480e-11  6.6129504e-03 
998  3.5182620e-03  5.7252541e-13  7.7613295e-11  7.3766410e-03 
999  3.5340950e-03  5.1342865e-13  7.6241809e-11  6.7342139e-03 
1000  3.5500000e-03  5.3058010e-13  7.4894557e-11  7.0843612e-03 

