#       lam(cm)         fp             fs          fp/fs             
1  4.0000000e-05  6.9261156e-10  3.1750693e-04  2.1814061e-06 
2  4.0180020e-05  7.1832852e-10  3.3258775e-04  2.1598165e-06 
3  4.0360840e-05  7.4480225e-10  3.3115422e-04  2.2491099e-06 
4  4.0542480e-05  7.7204975e-10  3.2481734e-04  2.3768736e-06 
5  4.0724940e-05  8.0008517e-10  3.1077807e-04  2.5744582e-06 
6  4.0908220e-05  8.2892258e-10  2.7246334e-04  3.0423270e-06 
7  4.1092320e-05  8.5857599e-10  2.2481373e-04  3.8190551e-06 
8  4.1277260e-05  8.8906268e-10  2.9955336e-04  2.9679609e-06 
9  4.1463020e-05  9.2039330e-10  3.2407101e-04  2.8400976e-06 
10  4.1649620e-05  9.5258507e-10  3.2631740e-04  2.9191979e-06 
11  4.1837060e-05  9.8565185e-10  3.2362284e-04  3.0456808e-06 
12  4.2025350e-05  1.0196092e-09  3.2275968e-04  3.1590352e-06 
13  4.2214480e-05  1.0544689e-09  3.1671929e-04  3.3293485e-06 
14  4.2404460e-05  1.0902463e-09  3.1509939e-04  3.4600076e-06 
15  4.2595300e-05  1.1269568e-09  3.1262154e-04  3.6048596e-06 
16  4.2786990e-05  1.1646116e-09  3.0654529e-04  3.7991503e-06 
17  4.2979550e-05  1.2032279e-09  2.9616340e-04  4.0627164e-06 
18  4.3172980e-05  1.2428186e-09  2.6776425e-04  4.6414659e-06 
19  4.3367270e-05  1.2833945e-09  2.3383075e-04  5.4885619e-06 
20  4.3562440e-05  1.3249724e-09  2.3711618e-04  5.5878617e-06 
21  4.3758490e-05  1.3675648e-09  2.9810391e-04  4.5875438e-06 
22  4.3955420e-05  1.4111837e-09  2.9955668e-04  4.7109072e-06 
23  4.4153240e-05  1.4558435e-09  2.9668702e-04  4.9070011e-06 
24  4.4351950e-05  1.5015559e-09  2.9477118e-04  5.0939714e-06 
25  4.4551550e-05  1.5483325e-09  2.9723192e-04  5.2091729e-06 
26  4.4752050e-05  1.5961866e-09  2.9711935e-04  5.3722070e-06 
27  4.4953450e-05  1.6451294e-09  2.9800332e-04  5.5205071e-06 
28  4.5155760e-05  1.6951739e-09  3.0136207e-04  5.6250408e-06 
29  4.5358980e-05  1.7463305e-09  2.9058206e-04  6.0097671e-06 
30  4.5563120e-05  1.7986118e-09  2.9254686e-04  6.1481153e-06 
31  4.5768170e-05  1.8520249e-09  2.9493358e-04  6.2794644e-06 
32  4.5974150e-05  1.9065844e-09  2.8895429e-04  6.5982215e-06 
33  4.6181050e-05  1.9622966e-09  2.8891794e-04  6.7918820e-06 
34  4.6388880e-05  2.0191728e-09  2.8553885e-04  7.0714467e-06 
35  4.6597650e-05  2.0772240e-09  2.8694321e-04  7.2391467e-06 
36  4.6807360e-05  2.1364582e-09  2.8203568e-04  7.5751343e-06 
37  4.7018010e-05  2.1968826e-09  2.7076808e-04  8.1135212e-06 
38  4.7229610e-05  2.2585072e-09  2.7451769e-04  8.2271827e-06 
39  4.7442160e-05  2.3213386e-09  2.7862585e-04  8.3313829e-06 
40  4.7655670e-05  2.3853858e-09  2.7567735e-04  8.6528175e-06 
41  4.7870140e-05  2.4506546e-09  2.7221052e-04  9.0027916e-06 
42  4.8085580e-05  2.5171531e-09  2.6705750e-04  9.4255101e-06 
43  4.8301980e-05  2.5848830e-09  2.5690565e-04  1.0061605e-05 
44  4.8519360e-05  2.6538548e-09  2.0856189e-04  1.2724543e-05 
45  4.8737720e-05  2.7240721e-09  1.8611192e-04  1.4636742e-05 
46  4.8957060e-05  2.7955381e-09  2.4547675e-04  1.1388199e-05 
47  4.9177390e-05  2.8682588e-09  2.5122900e-04  1.1416910e-05 
48  4.9398700e-05  2.9422329e-09  2.5207040e-04  1.1672266e-05 
49  4.9621020e-05  3.0174720e-09  2.5563712e-04  1.1803732e-05 
50  4.9844330e-05  3.0939703e-09  2.4856139e-04  1.2447509e-05 
51  5.0068650e-05  3.1717350e-09  2.3931599e-04  1.3253335e-05 
52  5.0293980e-05  3.2507661e-09  2.4557325e-04  1.3237460e-05 
53  5.0520330e-05  3.3310663e-09  2.4221584e-04  1.3752471e-05 
54  5.0747690e-05  3.4126306e-09  2.4496228e-04  1.3931250e-05 
55  5.0976070e-05  3.4954607e-09  2.4175931e-04  1.4458433e-05 
56  5.1205490e-05  3.5795613e-09  2.3946632e-04  1.4948078e-05 
57  5.1435930e-05  3.6649218e-09  2.3347544e-04  1.5697248e-05 
58  5.1667420e-05  3.7515495e-09  2.2707770e-04  1.6520995e-05 
59  5.1899940e-05  3.8394325e-09  2.2389097e-04  1.7148671e-05 
60  5.2133510e-05  3.9285730e-09  2.2643819e-04  1.7349428e-05 
61  5.2368130e-05  4.0189655e-09  2.2693296e-04  1.7709924e-05 
62  5.2603810e-05  4.1106073e-09  2.2075579e-04  1.8620609e-05 
63  5.2840550e-05  4.2034913e-09  2.2084070e-04  1.9034043e-05 
64  5.3078360e-05  4.2976137e-09  2.2328284e-04  1.9247398e-05 
65  5.3317230e-05  4.3929622e-09  2.1312145e-04  2.0612483e-05 
66  5.3557180e-05  4.4895355e-09  2.1873983e-04  2.0524545e-05 
67  5.3798210e-05  4.5873240e-09  2.1621744e-04  2.1216253e-05 
68  5.4040320e-05  4.6863171e-09  2.1146426e-04  2.2161272e-05 
69  5.4283530e-05  4.7865119e-09  2.1209959e-04  2.2567285e-05 
70  5.4527820e-05  4.8878883e-09  2.1247800e-04  2.3004209e-05 
71  5.4773220e-05  4.9904463e-09  2.0968087e-04  2.3800199e-05 
72  5.5019720e-05  5.0941685e-09  2.0840761e-04  2.4443294e-05 
73  5.5267330e-05  5.1990452e-09  2.0640655e-04  2.5188373e-05 
74  5.5516060e-05  5.3050662e-09  2.0606914e-04  2.5744108e-05 
75  5.5765910e-05  5.4122161e-09  2.0163776e-04  2.6841282e-05 
76  5.6016880e-05  5.5204791e-09  2.0009560e-04  2.7589208e-05 
77  5.6268970e-05  5.6298385e-09  2.0036096e-04  2.8098481e-05 
78  5.6522210e-05  5.7402900e-09  1.9811677e-04  2.8974276e-05 
79  5.6776580e-05  5.8518070e-09  1.9512752e-04  2.9989654e-05 
80  5.7032100e-05  5.9643795e-09  1.9396857e-04  3.0749205e-05 
81  5.7288770e-05  6.0779883e-09  1.9545981e-04  3.1095847e-05 
82  5.7546590e-05  6.1926133e-09  1.9183342e-04  3.2281202e-05 
83  5.7805570e-05  6.3082385e-09  1.9028298e-04  3.3151880e-05 
84  5.8065720e-05  6.4248469e-09  1.8882446e-04  3.4025502e-05 
85  5.8327040e-05  6.5424167e-09  1.8766622e-04  3.4861984e-05 
86  5.8589540e-05  6.6609297e-09  1.8492364e-04  3.6019893e-05 
87  5.8853210e-05  6.7803582e-09  1.8067934e-04  3.7527025e-05 
88  5.9118080e-05  6.9006921e-09  1.8150608e-04  3.8019068e-05 
89  5.9384130e-05  7.0218977e-09  1.7978370e-04  3.9057476e-05 
90  5.9651390e-05  7.1439636e-09  1.7829491e-04  4.0068242e-05 
91  5.9919840e-05  7.2668551e-09  1.7588013e-04  4.1317090e-05 
92  6.0189510e-05  7.3905596e-09  1.7329167e-04  4.2648095e-05 
93  6.0460380e-05  7.5150411e-09  1.7260021e-04  4.3540161e-05 
94  6.0732480e-05  7.6402860e-09  1.7165625e-04  4.4509222e-05 
95  6.1005800e-05  7.7662617e-09  1.6880551e-04  4.6007158e-05 
96  6.1280350e-05  7.8929444e-09  1.6478612e-04  4.7898113e-05 
97  6.1556140e-05  8.0203095e-09  1.6234887e-04  4.9401695e-05 
98  6.1833170e-05  8.1483275e-09  1.6289307e-04  5.0022555e-05 
99  6.2111440e-05  8.2769683e-09  1.6264789e-04  5.0888875e-05 
100  6.2390970e-05  8.4062106e-09  1.5846422e-04  5.3048005e-05 
101  6.2671750e-05  8.5360187e-09  1.5889883e-04  5.3719832e-05 
102  6.2953800e-05  8.6663702e-09  1.5748746e-04  5.5028955e-05 
103  6.3237120e-05  8.7972333e-09  1.5492549e-04  5.6783640e-05 
104  6.3521710e-05  8.9285754e-09  1.5292348e-04  5.8385901e-05 
105  6.3807590e-05  9.0603729e-09  1.5202343e-04  5.9598530e-05 
106  6.4094750e-05  9.1925879e-09  1.4930364e-04  6.1569753e-05 
107  6.4383200e-05  9.3251915e-09  1.4797496e-04  6.3018714e-05 
108  6.4672950e-05  9.4581669e-09  1.4621261e-04  6.4687765e-05 
109  6.4964000e-05  9.5914435e-09  1.4340901e-04  6.6881735e-05 
110  6.5256370e-05  9.7250274e-09  1.3977292e-04  6.9577335e-05 
111  6.5550050e-05  9.8588755e-09  1.1731633e-04  8.4036686e-05 
112  6.5845050e-05  9.9929471e-09  1.2254622e-04  8.1544313e-05 
113  6.6141380e-05  1.0127219e-08  1.3771313e-04  7.3538510e-05 
114  6.6439050e-05  1.0261656e-08  1.3805654e-04  7.4329376e-05 
115  6.6738050e-05  1.0396219e-08  1.3676302e-04  7.6016302e-05 
116  6.7038400e-05  1.0530879e-08  1.3587952e-04  7.7501596e-05 
117  6.7340100e-05  1.0665601e-08  1.3452009e-04  7.9286305e-05 
118  6.7643160e-05  1.0800352e-08  1.3312929e-04  8.1126786e-05 
119  6.7947580e-05  1.0935095e-08  1.3180322e-04  8.2965310e-05 
120  6.8253370e-05  1.1069795e-08  1.3029684e-04  8.4958275e-05 
121  6.8560540e-05  1.1204422e-08  1.2869619e-04  8.7061028e-05 
122  6.8869090e-05  1.1338939e-08  1.2775466e-04  8.8755580e-05 
123  6.9179030e-05  1.1473315e-08  1.2631223e-04  9.0832975e-05 
124  6.9490360e-05  1.1607499e-08  1.2491567e-04  9.2922684e-05 
125  6.9803100e-05  1.1741482e-08  1.2364036e-04  9.4964799e-05 
126  7.0117240e-05  1.1875201e-08  1.2108998e-04  9.8069228e-05 
127  7.0432800e-05  1.2008641e-08  1.2077559e-04  9.9429373e-05 
128  7.0749770e-05  1.2141758e-08  1.1955295e-04  1.0155967e-04 
129  7.1068170e-05  1.2274520e-08  1.1676953e-04  1.0511749e-04 
130  7.1388010e-05  1.2406893e-08  1.1628344e-04  1.0669528e-04 
131  7.1709290e-05  1.2538841e-08  1.1488192e-04  1.0914547e-04 
132  7.2032010e-05  1.2670324e-08  1.1357539e-04  1.1155871e-04 
133  7.2356180e-05  1.2801309e-08  1.1251128e-04  1.1377801e-04 
134  7.2681810e-05  1.2931763e-08  1.1165845e-04  1.1581536e-04 
135  7.3008910e-05  1.3061650e-08  1.0988837e-04  1.1886289e-04 
136  7.3337480e-05  1.3190933e-08  1.0898390e-04  1.2103561e-04 
137  7.3667530e-05  1.3319578e-08  1.0819698e-04  1.2310490e-04 
138  7.3999060e-05  1.3447549e-08  1.0583919e-04  1.2705643e-04 
139  7.4332090e-05  1.3574814e-08  1.0470783e-04  1.2964468e-04 
140  7.4666620e-05  1.3701347e-08  1.0371972e-04  1.3209973e-04 
141  7.5002650e-05  1.3827085e-08  1.0279594e-04  1.3451004e-04 
142  7.5340190e-05  1.3952020e-08  1.0202730e-04  1.3674791e-04 
143  7.5679250e-05  1.4076118e-08  1.0099788e-04  1.3937044e-04 
144  7.6019840e-05  1.4199335e-08  9.9804241e-05  1.4227186e-04 
145  7.6361960e-05  1.4321647e-08  9.8746596e-05  1.4503433e-04 
146  7.6705620e-05  1.4443018e-08  9.6725670e-05  1.4931938e-04 
147  7.7050830e-05  1.4563418e-08  9.6096255e-05  1.5155032e-04 
148  7.7397590e-05  1.4682806e-08  9.5203452e-05  1.5422556e-04 
149  7.7745910e-05  1.4801155e-08  9.3137591e-05  1.5891709e-04 
150  7.8095790e-05  1.4918434e-08  9.3277838e-05  1.5993546e-04 
151  7.8447260e-05  1.5034618e-08  9.1634530e-05  1.6407154e-04 
152  7.8800300e-05  1.5149670e-08  9.0815754e-05  1.6681765e-04 
153  7.9154940e-05  1.5263564e-08  8.9444031e-05  1.7064933e-04 
154  7.9511170e-05  1.5376382e-08  8.8237940e-05  1.7426044e-04 
155  7.9869000e-05  1.5488072e-08  8.7743174e-05  1.7651598e-04 
156  8.0228440e-05  1.5598033e-08  8.6734564e-05  1.7983641e-04 
157  8.0589500e-05  1.5706979e-08  8.5831829e-05  1.8299714e-04 
158  8.0952190e-05  1.5814632e-08  8.4784826e-05  1.8652667e-04 
159  8.1316510e-05  1.5921002e-08  8.4221947e-05  1.8903626e-04 
160  8.1682460e-05  1.6025974e-08  8.3139863e-05  1.9275921e-04 
161  8.2050070e-05  1.6129565e-08  8.1160089e-05  1.9873764e-04 
162  8.2419330e-05  1.6231749e-08  8.0380572e-05  2.0193622e-04 
163  8.2790250e-05  1.6332500e-08  8.0362440e-05  2.0323549e-04 
164  8.3162840e-05  1.6431802e-08  7.8811243e-05  2.0849565e-04 
165  8.3537110e-05  1.6529622e-08  7.8323509e-05  2.1104292e-04 
166  8.3913060e-05  1.6625929e-08  7.7250199e-05  2.1522183e-04 
167  8.4290700e-05  1.6720710e-08  7.6387772e-05  2.1889250e-04 
168  8.4670040e-05  1.6813943e-08  7.5019029e-05  2.2412903e-04 
169  8.5051090e-05  1.6905600e-08  7.2434200e-05  2.3339251e-04 
170  8.5433860e-05  1.6995664e-08  6.8682980e-05  2.4745089e-04 
171  8.5818350e-05  1.7084138e-08  7.2335593e-05  2.3617886e-04 
172  8.6204560e-05  1.7171129e-08  7.1613492e-05  2.3977506e-04 
173  8.6592520e-05  1.7256149e-08  6.6664080e-05  2.5885228e-04 
174  8.6982220e-05  1.7339572e-08  7.0682589e-05  2.4531603e-04 
175  8.7373680e-05  1.7421382e-08  6.6685145e-05  2.6124833e-04 
176  8.7766890e-05  1.7501459e-08  6.8916709e-05  2.5395088e-04 
177  8.8161880e-05  1.7579817e-08  6.9772569e-05  2.5195886e-04 
178  8.8558650e-05  1.7656447e-08  6.2459641e-05  2.8268569e-04 
179  8.8957200e-05  1.7731311e-08  6.7323162e-05  2.6337609e-04 
180  8.9357540e-05  1.7804561e-08  6.8289311e-05  2.6072251e-04 
181  8.9759690e-05  1.7875710e-08  6.6841316e-05  2.6743504e-04 
182  9.0163640e-05  1.7945216e-08  5.6802350e-05  3.1592384e-04 
183  9.0569410e-05  1.8012927e-08  6.4927425e-05  2.7743172e-04 
184  9.0977010e-05  1.8078815e-08  6.4211141e-05  2.8155262e-04 
185  9.1386450e-05  1.8142865e-08  6.5299587e-05  2.7784042e-04 
186  9.1797720e-05  1.8205089e-08  6.3665952e-05  2.8594702e-04 
187  9.2210850e-05  1.8265452e-08  5.3690613e-05  3.4019823e-04 
188  9.2625840e-05  1.8323962e-08  5.9274257e-05  3.0913862e-04 
189  9.3042690e-05  1.8380614e-08  6.2153132e-05  2.9573110e-04 
190  9.3461420e-05  1.8435381e-08  6.1719659e-05  2.9869544e-04 
191  9.3882040e-05  1.8488261e-08  6.0897383e-05  3.0359697e-04 
192  9.4304550e-05  1.8539293e-08  5.9670440e-05  3.1069475e-04 
193  9.4728950e-05  1.8592278e-08  5.9188374e-05  3.1412044e-04 
194  9.5155270e-05  1.8636264e-08  5.6179501e-05  3.3172713e-04 
195  9.5583510e-05  1.8680888e-08  4.8585393e-05  3.8449597e-04 
196  9.6013680e-05  1.8724968e-08  5.6125610e-05  3.3362610e-04 
197  9.6445780e-05  1.8765962e-08  5.6013168e-05  3.3502769e-04 
198  9.6879820e-05  1.8805372e-08  5.5324610e-05  3.3990971e-04 
199  9.7315820e-05  1.8845282e-08  5.5361064e-05  3.4040680e-04 
200  9.7753780e-05  1.8878863e-08  5.4692877e-05  3.4517955e-04 
201  9.8193720e-05  1.8912640e-08  5.4021529e-05  3.5009450e-04 
202  9.8635630e-05  1.8944437e-08  5.3058864e-05  3.5704566e-04 
203  9.9079530e-05  1.8974540e-08  5.2107905e-05  3.6413937e-04 
204  9.9525430e-05  1.9002491e-08  5.1684997e-05  3.6765971e-04 
205  9.9973330e-05  1.9028589e-08  4.9955499e-05  3.8091080e-04 
206  1.0042330e-04  1.9052848e-08  4.6285614e-05  4.1163650e-04 
207  1.0087520e-04  1.9074981e-08  4.5834664e-05  4.1616933e-04 
208  1.0132920e-04  1.9095140e-08  4.8667681e-05  3.9235772e-04 
209  1.0178520e-04  1.9113709e-08  4.8454772e-05  3.9446495e-04 
210  1.0224330e-04  1.9129909e-08  4.8187625e-05  3.9698801e-04 
211  1.0270340e-04  1.9144334e-08  4.7704393e-05  4.0131178e-04 
212  1.0316560e-04  1.9156771e-08  4.6939862e-05  4.0811306e-04 
213  1.0362990e-04  1.9167314e-08  4.6376092e-05  4.1330163e-04 
214  1.0409630e-04  1.9175762e-08  4.5822815e-05  4.1847629e-04 
215  1.0456480e-04  1.9183176e-08  4.4913741e-05  4.2711152e-04 
216  1.0503530e-04  1.9187341e-08  4.4336428e-05  4.3276695e-04 
217  1.0550800e-04  1.9192884e-08  4.3915947e-05  4.3703677e-04 
218  1.0598290e-04  1.9192265e-08  4.3361937e-05  4.4260626e-04 
219  1.0645980e-04  1.9190835e-08  4.2449434e-05  4.5208695e-04 
220  1.0693900e-04  1.9187586e-08  4.1617642e-05  4.6104453e-04 
221  1.0742020e-04  1.9187523e-08  4.1420422e-05  4.6323824e-04 
222  1.0790370e-04  1.9178423e-08  4.0839395e-05  4.6960595e-04 
223  1.0838930e-04  1.9173440e-08  4.0022755e-05  4.7906347e-04 
224  1.0887710e-04  1.9159311e-08  3.8001198e-05  5.0417650e-04 
225  1.0936710e-04  1.9148618e-08  3.4853836e-05  5.4939773e-04 
226  1.0985930e-04  1.9131507e-08  3.7079014e-05  5.1596590e-04 
227  1.1035370e-04  1.9115754e-08  3.8368189e-05  4.9821882e-04 
228  1.1085030e-04  1.9102202e-08  3.8195802e-05  5.0011262e-04 
229  1.1134920e-04  1.9080821e-08  3.7670479e-05  5.0651920e-04 
230  1.1185030e-04  1.9058362e-08  3.7232986e-05  5.1186767e-04 
231  1.1235370e-04  1.9035462e-08  3.6721145e-05  5.1837877e-04 
232  1.1285930e-04  1.9011117e-08  3.5778661e-05  5.3135350e-04 
233  1.1336720e-04  1.8985335e-08  3.5446373e-05  5.3560726e-04 
234  1.1387740e-04  1.8957323e-08  3.5149450e-05  5.3933483e-04 
235  1.1438990e-04  1.8927820e-08  3.4646564e-05  5.4631161e-04 
236  1.1490470e-04  1.8896912e-08  3.4536030e-05  5.4716514e-04 
237  1.1542180e-04  1.8864308e-08  3.4079160e-05  5.5354382e-04 
238  1.1594130e-04  1.8830070e-08  3.3429586e-05  5.6327560e-04 
239  1.1646310e-04  1.8794988e-08  3.2674563e-05  5.7521772e-04 
240  1.1698720e-04  1.8758395e-08  3.2454221e-05  5.7799553e-04 
241  1.1751370e-04  1.8718467e-08  3.1995561e-05  5.8503325e-04 
242  1.1804250e-04  1.8678624e-08  3.1435740e-05  5.9418431e-04 
243  1.1857380e-04  1.8636674e-08  3.1015386e-05  6.0088480e-04 
244  1.1910740e-04  1.8592916e-08  3.0977546e-05  6.0020623e-04 
245  1.1964340e-04  1.8549531e-08  3.0360341e-05  6.1097901e-04 
246  1.2018190e-04  1.8502766e-08  3.0089324e-05  6.1492795e-04 
247  1.2072280e-04  1.8454246e-08  2.9642852e-05  6.2255299e-04 
248  1.2126610e-04  1.8439367e-08  2.9304864e-05  6.2922549e-04 
249  1.2181180e-04  1.8355802e-08  2.9080288e-05  6.3121117e-04 
250  1.2236000e-04  1.8303394e-08  2.8640864e-05  6.3906571e-04 
251  1.2291070e-04  1.8249675e-08  2.8212760e-05  6.4685891e-04 
252  1.2346380e-04  1.8195333e-08  2.7881284e-05  6.5260023e-04 
253  1.2401950e-04  1.8139653e-08  2.7556911e-05  6.5826148e-04 
254  1.2457760e-04  1.8082253e-08  2.7193444e-05  6.6494899e-04 
255  1.2513830e-04  1.8023637e-08  2.6765096e-05  6.7340079e-04 
256  1.2570140e-04  1.7964001e-08  2.6271521e-05  6.8378231e-04 
257  1.2626710e-04  1.7904852e-08  2.5950719e-05  6.8995592e-04 
258  1.2683540e-04  1.7841257e-08  2.5610997e-05  6.9662485e-04 
259  1.2740620e-04  1.7777806e-08  2.4897867e-05  7.1402929e-04 
260  1.2797960e-04  1.7713161e-08  2.2517116e-05  7.8665317e-04 
261  1.2855550e-04  1.7647404e-08  2.2539734e-05  7.8294644e-04 
262  1.2913410e-04  1.7582798e-08  2.3999049e-05  7.3264561e-04 
263  1.2971530e-04  1.7513996e-08  2.3980705e-05  7.3033702e-04 
264  1.3029900e-04  1.7443997e-08  2.3711350e-05  7.3568130e-04 
265  1.3088540e-04  1.7374217e-08  2.3448989e-05  7.4093673e-04 
266  1.3147450e-04  1.7303228e-08  2.3035879e-05  7.5114251e-04 
267  1.3206610e-04  1.7231581e-08  2.2784263e-05  7.5629312e-04 
268  1.3266050e-04  1.7158781e-08  2.2490975e-05  7.6291852e-04 
269  1.3325750e-04  1.7084947e-08  2.2211529e-05  7.6919273e-04 
270  1.3385720e-04  1.7011280e-08  2.1899959e-05  7.7677223e-04 
271  1.3445970e-04  1.6935964e-08  2.1620569e-05  7.8332647e-04 
272  1.3506480e-04  1.6857685e-08  2.1290331e-05  7.9180002e-04 
273  1.3567260e-04  1.6783438e-08  2.0935977e-05  8.0165535e-04 
274  1.3628320e-04  1.6702693e-08  2.0730802e-05  8.0569447e-04 
275  1.3689650e-04  1.6623380e-08  2.0356882e-05  8.1659756e-04 
276  1.3751260e-04  1.6545174e-08  2.0025232e-05  8.2621633e-04 
277  1.3813150e-04  1.6465883e-08  1.9820050e-05  8.3076900e-04 
278  1.3875310e-04  1.6383304e-08  1.9643539e-05  8.3403014e-04 
279  1.3937760e-04  1.6310070e-08  1.9277904e-05  8.4604999e-04 
280  1.4000480e-04  1.6234088e-08  1.9036008e-05  8.5280951e-04 
281  1.4063490e-04  1.6147371e-08  1.8800560e-05  8.5887711e-04 
282  1.4126780e-04  1.6055248e-08  1.8481627e-05  8.6871400e-04 
283  1.4190360e-04  1.5996461e-08  1.8257059e-05  8.7617954e-04 
284  1.4254220e-04  1.5886911e-08  1.7917675e-05  8.8666137e-04 
285  1.4318370e-04  1.5824746e-08  1.7741362e-05  8.9196906e-04 
286  1.4382810e-04  1.5717742e-08  1.7487814e-05  8.9878257e-04 
287  1.4447540e-04  1.5662045e-08  1.7049509e-05  9.1862146e-04 
288  1.4512560e-04  1.5561276e-08  1.6859265e-05  9.2301033e-04 
289  1.4577870e-04  1.5468364e-08  1.6741014e-05  9.2398017e-04 
290  1.4643480e-04  1.5374483e-08  1.6497864e-05  9.3190747e-04 
291  1.4709380e-04  1.5278080e-08  1.6241833e-05  9.4066232e-04 
292  1.4775580e-04  1.5201011e-08  1.5946960e-05  9.5322312e-04 
293  1.4842070e-04  1.5113264e-08  1.5737551e-05  9.6033134e-04 
294  1.4908870e-04  1.5013700e-08  1.5594238e-05  9.6277231e-04 
295  1.4975970e-04  1.4918737e-08  1.5375716e-05  9.7027914e-04 
296  1.5043360e-04  1.4829366e-08  1.5064367e-05  9.8440025e-04 
297  1.5111060e-04  1.4734402e-08  1.4943553e-05  9.8600399e-04 
298  1.5179070e-04  1.4646818e-08  1.4779789e-05  9.9100314e-04 
299  1.5247380e-04  1.4589678e-08  1.4531303e-05  1.0040172e-03 
300  1.5316000e-04  1.4463169e-08  1.4323731e-05  1.0097348e-03 
301  1.5384930e-04  1.4393881e-08  1.4093991e-05  1.0212778e-03 
302  1.5454170e-04  1.4332052e-08  1.3852466e-05  1.0346210e-03 
303  1.5523720e-04  1.4202071e-08  1.3689104e-05  1.0374726e-03 
304  1.5593580e-04  1.4132682e-08  1.3462936e-05  1.0497474e-03 
305  1.5663760e-04  1.4009905e-08  1.3233795e-05  1.0586460e-03 
306  1.5734250e-04  1.3929019e-08  1.2940822e-05  1.0763628e-03 
307  1.5805060e-04  1.3842427e-08  1.2860978e-05  1.0763121e-03 
308  1.5876190e-04  1.3797490e-08  1.2194904e-05  1.1314144e-03 
309  1.5947640e-04  1.3748217e-08  1.2505253e-05  1.0993954e-03 
310  1.6019410e-04  1.3551159e-08  1.2315317e-05  1.1003501e-03 
311  1.6091510e-04  1.3524739e-08  1.1949579e-05  1.1318172e-03 
312  1.6163930e-04  1.3343821e-08  1.1684166e-05  1.1420430e-03 
313  1.6236670e-04  1.3264273e-08  1.1896366e-05  1.1149853e-03 
314  1.6309740e-04  1.3190425e-08  1.1578292e-05  1.1392376e-03 
315  1.6383140e-04  1.3131243e-08  1.1136282e-05  1.1791407e-03 
316  1.6456870e-04  1.2989077e-08  1.0762905e-05  1.2068375e-03 
317  1.6530940e-04  1.2896834e-08  1.1129857e-05  1.1587601e-03 
318  1.6605330e-04  1.2793475e-08  1.1107609e-05  1.1517757e-03 
319  1.6680060e-04  1.2704724e-08  1.0804396e-05  1.1758848e-03 
320  1.6755130e-04  1.2601177e-08  1.0301368e-05  1.2232528e-03 
321  1.6830530e-04  1.2532755e-08  9.8174966e-06  1.2765734e-03 
322  1.6906280e-04  1.2427280e-08  1.0047166e-05  1.2368941e-03 
323  1.6982360e-04  1.2318663e-08  1.0257827e-05  1.2009037e-03 
324  1.7058790e-04  1.2216874e-08  1.0098369e-05  1.2097869e-03 
325  1.7135560e-04  1.2135974e-08  9.9590757e-06  1.2185844e-03 
326  1.7212680e-04  1.2027094e-08  9.6889804e-06  1.2413168e-03 
327  1.7290140e-04  1.1943209e-08  9.0866760e-06  1.3143651e-03 
328  1.7367960e-04  1.1841356e-08  8.5426540e-06  1.3861449e-03 
329  1.7446120e-04  1.1770292e-08  8.9881406e-06  1.3095358e-03 
330  1.7524640e-04  1.1654023e-08  9.0578619e-06  1.2866197e-03 
331  1.7603500e-04  1.1555665e-08  8.9847901e-06  1.2861363e-03 
332  1.7682730e-04  1.1466155e-08  8.8615322e-06  1.2939247e-03 
333  1.7762310e-04  1.1371747e-08  8.7428466e-06  1.3006916e-03 
334  1.7842240e-04  1.1281429e-08  8.5916970e-06  1.3130617e-03 
335  1.7922540e-04  1.1185783e-08  8.4682026e-06  1.3209159e-03 
336  1.8003200e-04  1.1099175e-08  8.2707613e-06  1.3419775e-03 
337  1.8084220e-04  1.1004182e-08  7.8148267e-06  1.4081159e-03 
338  1.8165610e-04  1.0910681e-08  7.2899836e-06  1.4966674e-03 
339  1.8247360e-04  1.0820429e-08  7.5859840e-06  1.4263712e-03 
340  1.8329480e-04  1.0730511e-08  7.6946071e-06  1.3945496e-03 
341  1.8411970e-04  1.0638558e-08  7.6353826e-06  1.3933235e-03 
342  1.8494830e-04  1.0563713e-08  7.5091068e-06  1.4067869e-03 
343  1.8578070e-04  1.0469365e-08  7.3512815e-06  1.4241551e-03 
344  1.8661680e-04  1.0376085e-08  7.0751703e-06  1.4665491e-03 
345  1.8745660e-04  1.0296593e-08  6.3499493e-06  1.6215236e-03 
346  1.8830020e-04  1.0197373e-08  6.7490504e-06  1.5109345e-03 
347  1.8914770e-04  1.0138847e-08  6.8167118e-06  1.4873516e-03 
348  1.8999890e-04  1.0011248e-08  6.7809603e-06  1.4763762e-03 
349  1.9085400e-04  9.9301319e-09  6.7202852e-06  1.4776355e-03 
350  1.9171290e-04  9.8344683e-09  6.6005236e-06  1.4899528e-03 
351  1.9257570e-04  9.7565846e-09  6.4692947e-06  1.5081373e-03 
352  1.9344240e-04  9.6686788e-09  6.2671375e-06  1.5427584e-03 
353  1.9431290e-04  9.5805710e-09  5.6639257e-06  1.6915072e-03 
354  1.9518740e-04  9.4928887e-09  5.8704708e-06  1.6170575e-03 
355  1.9606580e-04  9.4018077e-09  6.0199941e-06  1.5617636e-03 
356  1.9694820e-04  9.3191346e-09  5.9644283e-06  1.5624523e-03 
357  1.9783460e-04  9.2293216e-09  5.8768422e-06  1.5704559e-03 
358  1.9872490e-04  9.1408090e-09  5.7974226e-06  1.5767022e-03 
359  1.9961920e-04  9.0570590e-09  5.7021620e-06  1.5883553e-03 
360  2.0051760e-04  8.9719945e-09  5.6144798e-06  1.5980099e-03 
361  2.0142000e-04  8.8880412e-09  5.5283396e-06  1.6077235e-03 
362  2.0232650e-04  8.8026166e-09  5.4260997e-06  1.6222733e-03 
363  2.0323710e-04  8.7201160e-09  5.3236888e-06  1.6379838e-03 
364  2.0415170e-04  8.6377970e-09  5.2496962e-06  1.6453899e-03 
365  2.0507050e-04  8.5529450e-09  5.1698967e-06  1.6543745e-03 
366  2.0599340e-04  8.4712396e-09  5.0745533e-06  1.6693567e-03 
367  2.0692040e-04  8.3910102e-09  4.9858415e-06  1.6829677e-03 
368  2.0785170e-04  8.3101307e-09  4.9091141e-06  1.6927964e-03 
369  2.0878710e-04  8.2284948e-09  4.8267816e-06  1.7047581e-03 
370  2.0972670e-04  8.1483426e-09  4.7409811e-06  1.7187039e-03 
371  2.1067060e-04  8.0704948e-09  4.6658218e-06  1.7297049e-03 
372  2.1161870e-04  7.9906884e-09  4.5784438e-06  1.7452848e-03 
373  2.1257100e-04  7.9122496e-09  4.5013743e-06  1.7577409e-03 
374  2.1352770e-04  7.8364677e-09  4.4267447e-06  1.7702552e-03 
375  2.1448860e-04  7.7594680e-09  4.3517588e-06  1.7830648e-03 
376  2.1545390e-04  7.6755639e-09  4.2259451e-06  1.8162952e-03 
377  2.1642360e-04  7.5985234e-09  3.7855472e-06  2.0072457e-03 
378  2.1739760e-04  7.5238469e-09  4.0027634e-06  1.8796631e-03 
379  2.1837590e-04  7.4454807e-09  4.0441311e-06  1.8410582e-03 
380  2.1935870e-04  7.3688647e-09  4.0119098e-06  1.8367473e-03 
381  2.2034590e-04  7.2954521e-09  3.9375546e-06  1.8527876e-03 
382  2.2133760e-04  7.2176731e-09  3.8742504e-06  1.8629857e-03 
383  2.2233370e-04  7.1425592e-09  3.8203724e-06  1.8695976e-03 
384  2.2333430e-04  7.0700959e-09  3.7582862e-06  1.8812021e-03 
385  2.2433940e-04  6.9952558e-09  3.6954338e-06  1.8929458e-03 
386  2.2534900e-04  6.9205369e-09  3.6191289e-06  1.9122107e-03 
387  2.2636320e-04  6.8463439e-09  3.5659132e-06  1.9199413e-03 
388  2.2738190e-04  6.7705407e-09  3.5106596e-06  1.9285666e-03 
389  2.2840520e-04  6.6995704e-09  3.4484796e-06  1.9427607e-03 
390  2.2943310e-04  6.6284111e-09  3.3904431e-06  1.9550280e-03 
391  2.3046570e-04  6.5615541e-09  3.3418069e-06  1.9634750e-03 
392  2.3150280e-04  1.0284123e-08  3.2833218e-06  3.1322312e-03 
393  2.3254470e-04  7.8950613e-09  3.2321282e-06  2.4426820e-03 
394  2.3359120e-04  6.3671937e-09  3.1758347e-06  2.0048882e-03 
395  2.3464250e-04  6.2709796e-09  3.1257487e-06  2.0062328e-03 
396  2.3569850e-04  7.6523151e-09  3.0737589e-06  2.4895626e-03 
397  2.3675920e-04  6.1689146e-09  3.0217036e-06  2.0415353e-03 
398  2.3782470e-04  6.0811973e-09  2.9665785e-06  2.0499027e-03 
399  2.3889510e-04  6.0185679e-09  2.9192028e-06  2.0617163e-03 
400  2.3997020e-04  5.9375241e-09  2.8716576e-06  2.0676295e-03 
401  2.4105010e-04  5.9115253e-09  2.8214487e-06  2.0952092e-03 
402  2.4213500e-04  6.7133337e-09  2.7753785e-06  2.4188894e-03 
403  2.4322470e-04  5.7287615e-09  2.7269843e-06  2.1007681e-03 
404  2.4431930e-04  5.7058323e-09  2.6832232e-06  2.1264844e-03 
405  2.4541880e-04  1.0024607e-08  2.6322101e-06  3.8084371e-03 
406  2.4652330e-04  5.5372006e-09  2.5926753e-06  2.1357092e-03 
407  2.4763280e-04  5.4984624e-09  2.5459611e-06  2.1596805e-03 
408  2.4874720e-04  6.6460331e-09  2.4983071e-06  2.6602146e-03 
409  2.4986670e-04  5.3910862e-09  2.4600140e-06  2.1914860e-03 
410  2.5099120e-04  5.3596338e-09  2.4247962e-06  2.2103440e-03 
411  2.5212070e-04  5.2591687e-09  2.3775254e-06  2.2120347e-03 
412  2.5325540e-04  5.4216411e-09  2.3406205e-06  2.3163264e-03 
413  2.5439510e-04  5.1715729e-09  2.3046262e-06  2.2439964e-03 
414  2.5554000e-04  5.0482753e-09  2.2580137e-06  2.2357151e-03 
415  2.5669010e-04  5.1831337e-09  2.2050786e-06  2.3505438e-03 
416  2.5784530e-04  4.9709567e-09  2.1863680e-06  2.2736139e-03 
417  2.5900570e-04  4.9747177e-09  2.1508175e-06  2.3129428e-03 
418  2.6017130e-04  4.8121364e-09  2.1052921e-06  2.2857334e-03 
419  2.6134220e-04  4.7766542e-09  2.0245079e-06  2.3594150e-03 
420  2.6251830e-04  4.7831323e-09  1.8501809e-06  2.5852242e-03 
421  2.6369980e-04  4.6462388e-09  1.9784330e-06  2.3484439e-03 
422  2.6488650e-04  4.9863230e-09  1.9742934e-06  2.5256242e-03 
423  2.6607860e-04  4.5423673e-09  1.9350629e-06  2.3474003e-03 
424  2.6727610e-04  4.7300720e-09  1.8588511e-06  2.5446213e-03 
425  2.6847900e-04  4.4210487e-09  1.8701449e-06  2.3640139e-03 
426  2.6968720e-04  4.5721148e-09  1.8558901e-06  2.4635699e-03 
427  2.7090090e-04  4.5456909e-09  1.8265289e-06  2.4887046e-03 
428  2.7212010e-04  4.4125426e-09  1.7967128e-06  2.4558975e-03 
429  2.7334470e-04  4.4455616e-09  1.7645057e-06  2.5194373e-03 
430  2.7457490e-04  4.2082520e-09  1.7199831e-06  2.4466822e-03 
431  2.7581060e-04  4.1687769e-09  1.6375520e-06  2.5457370e-03 
432  2.7705190e-04  4.2055770e-09  1.6553868e-06  2.5405404e-03 
433  2.7829870e-04  4.0417284e-09  1.6484360e-06  2.4518565e-03 
434  2.7955120e-04  4.0904970e-09  1.6260083e-06  2.5156680e-03 
435  2.8080930e-04  3.9622097e-09  1.5984516e-06  2.4787798e-03 
436  2.8207300e-04  3.9364763e-09  1.5715462e-06  2.5048429e-03 
437  2.8334250e-04  3.8631873e-09  1.5452115e-06  2.5001026e-03 
438  2.8461760e-04  4.0265948e-09  1.5131841e-06  2.6610078e-03 
439  2.8589850e-04  3.8314042e-09  1.4732867e-06  2.6005829e-03 
440  2.8718520e-04  3.6836388e-09  1.3899680e-06  2.6501610e-03 
441  2.8847760e-04  3.7269783e-09  1.4224234e-06  2.6201610e-03 
442  2.8977590e-04  3.6301228e-09  1.4137319e-06  2.5677591e-03 
443  2.9108000e-04  3.8871887e-09  1.3925711e-06  2.7913755e-03 
444  2.9239000e-04  3.9275950e-09  1.3688868e-06  2.8691890e-03 
445  2.9370590e-04  3.5449903e-09  1.3468438e-06  2.6320722e-03 
446  2.9502770e-04  3.4800890e-09  1.3243255e-06  2.6278199e-03 
447  2.9635540e-04  3.3721000e-09  1.3023606e-06  2.5892214e-03 
448  2.9768910e-04  3.4721454e-09  1.2796381e-06  2.7133807e-03 
449  2.9902880e-04  3.4712345e-09  1.2576630e-06  2.7600674e-03 
450  3.0037460e-04  3.2827965e-09  1.2350343e-06  2.6580611e-03 
451  3.0172640e-04  3.6792490e-09  1.2096204e-06  3.0416560e-03 
452  3.0308430e-04  3.3882792e-09  1.1471274e-06  2.9537080e-03 
453  3.0444830e-04  3.2418335e-09  1.1260154e-06  2.8790311e-03 
454  3.0581840e-04  3.3028086e-09  1.1471731e-06  2.8790848e-03 
455  3.0719480e-04  3.2752225e-09  1.1336033e-06  2.8892141e-03 
456  3.0857730e-04  3.5261813e-09  1.1129525e-06  3.1683123e-03 
457  3.0996600e-04  3.2406562e-09  1.0950492e-06  2.9593704e-03 
458  3.1136100e-04  3.0647374e-09  1.0736464e-06  2.8545129e-03 
459  3.1276220e-04  3.0609118e-09  1.0577880e-06  2.8936911e-03 
460  3.1416980e-04  3.2531389e-09  1.0400313e-06  3.1279240e-03 
461  3.1558370e-04  3.1016101e-09  1.0223440e-06  3.0338225e-03 
462  3.1700390e-04  3.0162150e-09  1.0054552e-06  2.9998501e-03 
463  3.1843060e-04  2.9541832e-09  9.8929334e-07  2.9861549e-03 
464  3.1986360e-04  2.8450535e-09  9.7232656e-07  2.9260267e-03 
465  3.2130310e-04  2.7447645e-09  9.5524152e-07  2.8733723e-03 
466  3.2274910e-04  2.7859339e-09  9.3928854e-07  2.9660043e-03 
467  3.2420160e-04  2.7312351e-09  9.2321337e-07  2.9584008e-03 
468  3.2566070e-04  2.6354490e-09  9.0658400e-07  2.9070102e-03 
469  3.2712630e-04  2.6878937e-09  8.8675157e-07  3.0311688e-03 
470  3.2859850e-04  2.5660551e-09  8.4066564e-07  3.0524087e-03 
471  3.3007730e-04  2.5211494e-09  8.3321813e-07  3.0257976e-03 
472  3.3156280e-04  2.5168940e-09  8.3499270e-07  3.0142707e-03 
473  3.3305500e-04  2.4947113e-09  8.2885700e-07  3.0098211e-03 
474  3.3455390e-04  2.4189442e-09  8.1582485e-07  2.9650288e-03 
475  3.3605950e-04  2.4430049e-09  8.0148089e-07  3.0481137e-03 
476  3.3757190e-04  2.3364951e-09  7.8732471e-07  2.9676385e-03 
477  3.3909110e-04  2.2862943e-09  7.7430486e-07  2.9527056e-03 
478  3.4061720e-04  2.3036430e-09  7.6110424e-07  3.0267116e-03 
479  3.4215010e-04  2.2515615e-09  7.4876473e-07  3.0070346e-03 
480  3.4368990e-04  2.2116495e-09  7.3685510e-07  3.0014715e-03 
481  3.4523660e-04  2.1170855e-09  7.2497890e-07  2.9202029e-03 
482  3.4679030e-04  2.1233885e-09  7.1230426e-07  2.9810134e-03 
483  3.4835100e-04  2.0811465e-09  7.0029160e-07  2.9718285e-03 
484  3.4991880e-04  2.0429981e-09  6.8843148e-07  2.9676128e-03 
485  3.5149350e-04  2.1160679e-09  6.7662734e-07  3.1273757e-03 
486  3.5307540e-04  2.0067638e-09  6.6490408e-07  3.0181253e-03 
487  3.5466440e-04  1.9476608e-09  6.5367306e-07  2.9795641e-03 
488  3.5626050e-04  1.9190869e-09  6.4224212e-07  2.9881051e-03 
489  3.5786380e-04  1.8989395e-09  6.3115103e-07  3.0086927e-03 
490  3.5947440e-04  1.8712103e-09  6.2044608e-07  3.0159112e-03 
491  3.6109220e-04  1.8479582e-09  6.0990676e-07  3.0299029e-03 
492  3.6271720e-04  1.8141367e-09  5.9964501e-07  3.0253511e-03 
493  3.6434960e-04  1.7888756e-09  5.8885050e-07  3.0379113e-03 
494  3.6598930e-04  1.7628774e-09  5.7855257e-07  3.0470479e-03 
495  3.6763640e-04  1.7371168e-09  5.6803666e-07  3.0581068e-03 
496  3.6929090e-04  1.7130172e-09  5.5696410e-07  3.0756330e-03 
497  3.7095290e-04  1.6901010e-09  5.4761093e-07  3.0863172e-03 
498  3.7262230e-04  1.6668426e-09  5.2852664e-07  3.1537531e-03 
499  3.7429930e-04  1.6445464e-09  5.1358031e-07  3.2021213e-03 
500  3.7598380e-04  1.6180621e-09  5.1141401e-07  3.1638987e-03 
501  3.7767590e-04  1.5961367e-09  5.1183144e-07  3.1184811e-03 
502  3.7937560e-04  1.5726183e-09  5.0354962e-07  3.1230652e-03 
503  3.8108290e-04  1.5616929e-09  4.9422491e-07  3.1598830e-03 
504  3.8279800e-04  1.5287340e-09  4.8637763e-07  3.1431010e-03 
505  3.8452070e-04  1.5125444e-09  4.7897222e-07  3.1578959e-03 
506  3.8625120e-04  1.4885326e-09  4.7060534e-07  3.1630169e-03 
507  3.8798950e-04  1.4853316e-09  4.6202963e-07  3.2147972e-03 
508  3.8973560e-04  1.4731351e-09  4.5321206e-07  3.2504323e-03 
509  3.9148960e-04  1.5264202e-09  4.4502288e-07  3.4299813e-03 
510  3.9325140e-04  1.4431918e-09  4.3940757e-07  3.2844037e-03 
511  3.9502120e-04  1.3926775e-09  4.3216393e-07  3.2225676e-03 
512  3.9679900e-04  1.3856928e-09  4.2500866e-07  3.2603873e-03 
513  3.9858470e-04  1.3742060e-09  4.1644060e-07  3.2998848e-03 
514  4.0037850e-04  1.3434371e-09  4.0761072e-07  3.2958825e-03 
515  4.0218040e-04  1.3325640e-09  3.9952726e-07  3.3353519e-03 
516  4.0399040e-04  1.3010409e-09  3.8584669e-07  3.3719115e-03 
517  4.0580850e-04  1.2804491e-09  3.7877160e-07  3.3805309e-03 
518  4.0763480e-04  1.2731570e-09  3.8148012e-07  3.3374137e-03 
519  4.0946930e-04  1.2694053e-09  3.7612551e-07  3.3749514e-03 
520  4.1131210e-04  1.2319977e-09  3.7023010e-07  3.3276540e-03 
521  4.1316320e-04  1.2182186e-09  3.6377497e-07  3.3488247e-03 
522  4.1502260e-04  1.2042348e-09  3.5611571e-07  3.3815828e-03 
523  4.1689040e-04  1.2062505e-09  3.4491567e-07  3.4972331e-03 
524  4.1876650e-04  1.1684209e-09  3.4322585e-07  3.4042335e-03 
525  4.2065120e-04  1.1406011e-09  3.3845880e-07  3.3699849e-03 
526  4.2254430e-04  1.1562549e-09  3.3352541e-07  3.4667672e-03 
527  4.2444590e-04  1.1279001e-09  3.2790695e-07  3.4396956e-03 
528  4.2635610e-04  1.0991928e-09  3.2230157e-07  3.4104481e-03 
529  4.2827480e-04  1.1090505e-09  3.1677928e-07  3.5010198e-03 
530  4.3020230e-04  1.1263593e-09  3.1132803e-07  3.6179181e-03 
531  4.3213830e-04  1.1296836e-09  3.0586376e-07  3.6934210e-03 
532  4.3408310e-04  1.2433341e-09  3.0021455e-07  4.1414850e-03 
533  4.3603670e-04  1.3004506e-09  2.9145082e-07  4.4619899e-03 
534  4.3799900e-04  1.2660783e-09  2.8545970e-07  4.4352261e-03 
535  4.3997020e-04  1.3097841e-09  2.8360528e-07  4.6183346e-03 
536  4.4195030e-04  1.1433830e-09  2.8000254e-07  4.0834738e-03 
537  4.4393920e-04  1.2323561e-09  2.7542145e-07  4.4744377e-03 
538  4.4593710e-04  1.2623424e-09  2.7088279e-07  4.6601056e-03 
539  4.4794400e-04  1.2474196e-09  2.6641901e-07  4.6821719e-03 
540  4.4996000e-04  1.1340969e-09  2.6184818e-07  4.3311240e-03 
541  4.5198500e-04  1.0954972e-09  2.5729832e-07  4.2576927e-03 
542  4.5401910e-04  1.0673061e-09  2.5284953e-07  4.2211118e-03 
543  4.5606240e-04  1.0542414e-09  2.4841579e-07  4.2438581e-03 
544  4.5811480e-04  1.0672911e-09  2.4397385e-07  4.3746128e-03 
545  4.6017650e-04  9.4227728e-10  2.3958544e-07  3.9329488e-03 
546  4.6224750e-04  1.2985651e-09  2.3492971e-07  5.5274624e-03 
547  4.6432780e-04  1.1607503e-09  2.2409373e-07  5.1797538e-03 
548  4.6641750e-04  8.5690812e-10  2.1873802e-07  3.9175088e-03 
549  4.6851660e-04  1.0987625e-09  2.2046205e-07  4.9839077e-03 
550  4.7062510e-04  8.8489601e-10  2.1914252e-07  4.0379932e-03 
551  4.7274310e-04  7.9430533e-10  2.1600451e-07  3.6772627e-03 
552  4.7487060e-04  1.1107217e-09  2.1229242e-07  5.2320367e-03 
553  4.7700770e-04  9.9491560e-10  2.0866264e-07  4.7680582e-03 
554  4.7915450e-04  7.5901088e-10  2.0517870e-07  3.6992674e-03 
555  4.8131080e-04  1.1365999e-09  2.0155893e-07  5.6390451e-03 
556  4.8347690e-04  8.0918422e-10  1.9812292e-07  4.0842534e-03 
557  4.8565280e-04  7.4836693e-10  1.9465727e-07  3.8445362e-03 
558  4.8783840e-04  9.9733120e-10  1.9129655e-07  5.2135346e-03 
559  4.9003390e-04  7.5995514e-10  1.8796232e-07  4.0431249e-03 
560  4.9223920e-04  9.5958308e-10  1.8470858e-07  5.1951192e-03 
561  4.9445450e-04  6.9875894e-10  1.8147873e-07  3.8503628e-03 
562  4.9667980e-04  6.6532821e-10  1.7836791e-07  3.7300892e-03 
563  4.9891500e-04  7.2676440e-10  1.7528666e-07  4.1461478e-03 
564  5.0116040e-04  6.8616538e-10  1.7220092e-07  3.9846791e-03 
565  5.0341580e-04  7.7137597e-10  1.6926480e-07  4.5572143e-03 
566  5.0568140e-04  8.3588473e-10  1.6631623e-07  5.0258760e-03 
567  5.0795710e-04  8.9113132e-10  1.6327904e-07  5.4577201e-03 
568  5.1024320e-04  9.0318606e-10  1.5982924e-07  5.6509438e-03 
569  5.1253950e-04  6.5544961e-10  1.5300011e-07  4.2839812e-03 
570  5.1484610e-04  6.8907222e-10  1.5390797e-07  4.4771704e-03 
571  5.1716310e-04  6.4365973e-10  1.5214649e-07  4.2305263e-03 
572  5.1949060e-04  5.8051556e-10  1.4977278e-07  3.8759750e-03 
573  5.2182850e-04  7.9187321e-10  1.4713198e-07  5.3820605e-03 
574  5.2417690e-04  5.9746754e-10  1.4458672e-07  4.1322434e-03 
575  5.2653590e-04  6.2719806e-10  1.4201656e-07  4.4163728e-03 
576  5.2890560e-04  5.5436371e-10  1.3962952e-07  3.9702471e-03 
577  5.3128590e-04  6.2431251e-10  1.3720370e-07  4.5502599e-03 
578  5.3367690e-04  5.1906912e-10  1.3484568e-07  3.8493567e-03 
579  5.3607860e-04  5.3769467e-10  1.3234978e-07  4.0626791e-03 
580  5.3849120e-04  5.0392286e-10  1.2998355e-07  3.8768201e-03 
581  5.4091460e-04  5.2199560e-10  1.2793985e-07  4.0800080e-03 
582  5.4334900e-04  4.9311113e-10  1.2567288e-07  3.9237673e-03 
583  5.4579430e-04  5.5539312e-10  1.2348766e-07  4.4975597e-03 
584  5.4825060e-04  4.8357922e-10  1.2131285e-07  3.9862160e-03 
585  5.5071790e-04  4.6979230e-10  1.1913630e-07  3.9433177e-03 
586  5.5319640e-04  4.6271438e-10  1.1686595e-07  3.9593602e-03 
587  5.5568600e-04  4.6251985e-10  1.1515807e-07  4.0163910e-03 
588  5.5818680e-04  4.5361377e-10  1.1308772e-07  4.0111674e-03 
589  5.6069890e-04  5.8735430e-10  1.1114421e-07  5.2846146e-03 
590  5.6322220e-04  4.2570726e-10  1.0925470e-07  3.8964664e-03 
591  5.6575700e-04  4.1837133e-10  1.0735463e-07  3.8970964e-03 
592  5.6830310e-04  4.2184139e-10  1.0544778e-07  4.0004769e-03 
593  5.7086070e-04  4.1270204e-10  1.0316733e-07  4.0003173e-03 
594  5.7342980e-04  5.1593777e-10  1.0175634e-07  5.0703253e-03 
595  5.7601050e-04  3.9416996e-10  1.0010941e-07  3.9373917e-03 
596  5.7860280e-04  3.8501296e-10  9.8334606e-08  3.9153354e-03 
597  5.8120670e-04  4.6132927e-10  9.6669303e-08  4.7722416e-03 
598  5.8382240e-04  4.6352114e-10  9.4980193e-08  4.8801874e-03 
599  5.8644980e-04  3.6923113e-10  9.3312289e-08  3.9569401e-03 
600  5.8908910e-04  3.6640070e-10  9.0945831e-08  4.0287795e-03 
601  5.9174020e-04  3.6046937e-10  8.7700919e-08  4.1102121e-03 
602  5.9440330e-04  3.5050931e-10  8.7736789e-08  3.9950095e-03 
603  5.9707840e-04  3.4942720e-10  8.6608192e-08  4.0345745e-03 
604  5.9976550e-04  3.3951041e-10  8.5456812e-08  3.9728887e-03 
605  6.0246470e-04  3.3497334e-10  8.4016031e-08  3.9870169e-03 
606  6.0517600e-04  3.2891994e-10  8.2599688e-08  3.9820967e-03 
607  6.0789950e-04  3.2351694e-10  8.1095129e-08  3.9893511e-03 
608  6.1063530e-04  3.2116862e-10  7.9650958e-08  4.0322004e-03 
609  6.1338340e-04  3.5620420e-10  7.8321262e-08  4.5479885e-03 
610  6.1614390e-04  3.0955726e-10  7.6960411e-08  4.0222922e-03 
611  6.1891680e-04  3.0397729e-10  7.5610896e-08  4.0202842e-03 
612  6.2170220e-04  2.9945519e-10  7.4278804e-08  4.0315026e-03 
613  6.2450010e-04  3.3353827e-10  7.2970046e-08  4.5708929e-03 
614  6.2731060e-04  3.7138857e-10  7.1355363e-08  5.2047744e-03 
615  6.3013380e-04  2.8552349e-10  6.9806366e-08  4.0902215e-03 
616  6.3296960e-04  2.8180477e-10  6.9224779e-08  4.0708657e-03 
617  6.3581830e-04  2.7728183e-10  6.8040959e-08  4.0752193e-03 
618  6.3867970e-04  2.7389584e-10  6.6857336e-08  4.0967209e-03 
619  6.4155400e-04  2.6967807e-10  6.5697024e-08  4.1048750e-03 
620  6.4444130e-04  2.6961499e-10  6.4541718e-08  4.1773754e-03 
621  6.4734150e-04  2.6481519e-10  6.3406184e-08  4.1764884e-03 
622  6.5025480e-04  2.6038099e-10  6.2296019e-08  4.1797373e-03 
623  6.5318120e-04  2.6137005e-10  6.1232588e-08  4.2684796e-03 
624  6.5612080e-04  2.5773946e-10  6.0168848e-08  4.2836030e-03 
625  6.5907360e-04  2.4620234e-10  5.9115705e-08  4.1647536e-03 
626  6.6203970e-04  2.5621632e-10  5.8079644e-08  4.4114651e-03 
627  6.6501920e-04  2.3995798e-10  5.7072043e-08  4.2044750e-03 
628  6.6801210e-04  2.3856597e-10  5.6074060e-08  4.2544800e-03 
629  6.7101840e-04  2.3545032e-10  5.5061311e-08  4.2761482e-03 
630  6.7403820e-04  2.3307047e-10  5.4007607e-08  4.3155119e-03 
631  6.7707170e-04  2.3339105e-10  5.2620425e-08  4.4353699e-03 
632  6.8011880e-04  2.2584911e-10  5.1923448e-08  4.3496554e-03 
633  6.8317960e-04  2.3284870e-10  5.1330904e-08  4.5362284e-03 
634  6.8625420e-04  2.1738007e-10  5.0443604e-08  4.3093683e-03 
635  6.8934260e-04  2.1749100e-10  4.9559742e-08  4.3884612e-03 
636  6.9244490e-04  2.2067101e-10  4.8690929e-08  4.5320764e-03 
637  6.9556120e-04  2.0689570e-10  4.7840485e-08  4.3246991e-03 
638  6.9869150e-04  2.0957297e-10  4.7005626e-08  4.4584658e-03 
639  7.0183590e-04  2.1284259e-10  4.6176767e-08  4.6093004e-03 
640  7.0499450e-04  1.9624035e-10  4.5375972e-08  4.3247635e-03 
641  7.0816730e-04  1.9692860e-10  4.4591946e-08  4.4162369e-03 
642  7.1135430e-04  1.8812504e-10  4.3816056e-08  4.2935183e-03 
643  7.1455570e-04  1.9056242e-10  4.3045850e-08  4.4269638e-03 
644  7.1777150e-04  1.9245618e-10  4.2292498e-08  4.5505987e-03 
645  7.2100170e-04  1.8467523e-10  4.1533131e-08  4.4464556e-03 
646  7.2424650e-04  1.7703501e-10  4.0811566e-08  4.3378637e-03 
647  7.2750600e-04  1.7884491e-10  4.0111049e-08  4.4587442e-03 
648  7.3078000e-04  1.7915522e-10  3.9415011e-08  4.5453552e-03 
649  7.3406880e-04  1.7818204e-10  3.8717434e-08  4.6021138e-03 
650  7.3737240e-04  1.7196316e-10  3.8052094e-08  4.5191512e-03 
651  7.4069090e-04  1.6549800e-10  3.7351932e-08  4.4307748e-03 
652  7.4402430e-04  1.6198505e-10  3.6243864e-08  4.4693095e-03 
653  7.4737280e-04  1.6248520e-10  3.5112769e-08  4.6275247e-03 
654  7.5073620e-04  1.6312630e-10  3.4520776e-08  4.7254530e-03 
655  7.5411490e-04  1.5982990e-10  3.4709490e-08  4.6047897e-03 
656  7.5750870e-04  1.5548586e-10  3.4207306e-08  4.5453993e-03 
657  7.6091780e-04  1.5158488e-10  3.3627579e-08  4.5077547e-03 
658  7.6434220e-04  1.5517981e-10  3.3042540e-08  4.6963645e-03 
659  7.6778210e-04  1.4616873e-10  3.2466542e-08  4.5021343e-03 
660  7.7123740e-04  1.4892057e-10  3.1899714e-08  4.6683984e-03 
661  7.7470830e-04  1.4977863e-10  3.1333626e-08  4.7801244e-03 
662  7.7819480e-04  1.4145940e-10  3.0749083e-08  4.6004428e-03 
663  7.8169700e-04  1.3916895e-10  3.0251952e-08  4.6003296e-03 
664  7.8521500e-04  1.3512371e-10  2.9726692e-08  4.5455347e-03 
665  7.8874880e-04  1.3871608e-10  2.9202379e-08  4.7501636e-03 
666  7.9229840e-04  1.3317448e-10  2.8691152e-08  4.6416568e-03 
667  7.9586410e-04  1.2690306e-10  2.8188834e-08  4.5018909e-03 
668  7.9944580e-04  1.3088367e-10  2.7693524e-08  4.7261472e-03 
669  8.0304370e-04  1.3047766e-10  2.7208667e-08  4.7954446e-03 
670  8.0665770e-04  1.2101444e-10  2.6734430e-08  4.5265390e-03 
671  8.1028800e-04  1.2444316e-10  2.6265159e-08  4.7379559e-03 
672  8.1393460e-04  1.2167418e-10  2.5740908e-08  4.7268796e-03 
673  8.1759760e-04  1.2212196e-10  2.5319900e-08  4.8231614e-03 
674  8.2127720e-04  1.2061908e-10  2.4905466e-08  4.8430764e-03 
675  8.2497330e-04  1.1441525e-10  2.4472349e-08  4.6752866e-03 
676  8.2868600e-04  1.1349678e-10  2.4043780e-08  4.7204218e-03 
677  8.3241540e-04  1.1099893e-10  2.3617348e-08  4.6998898e-03 
678  8.3616160e-04  1.0772352e-10  2.3201960e-08  4.6428628e-03 
679  8.3992470e-04  1.0851960e-10  2.2797862e-08  4.7600779e-03 
680  8.4370470e-04  1.0289388e-10  2.2402372e-08  4.5929903e-03 
681  8.4750170e-04  1.0283015e-10  2.2013268e-08  4.6712803e-03 
682  8.5131580e-04  9.9328408e-11  2.1625063e-08  4.5932078e-03 
683  8.5514710e-04  9.7009417e-11  2.1244615e-08  4.5663062e-03 
684  8.5899560e-04  9.8173151e-11  2.0873020e-08  4.7033516e-03 
685  8.6286140e-04  9.3846375e-11  2.0479005e-08  4.5825653e-03 
686  8.6674470e-04  9.3340886e-11  2.0052564e-08  4.6548104e-03 
687  8.7064540e-04  9.0927017e-11  1.9745835e-08  4.6048708e-03 
688  8.7456360e-04  8.9066919e-11  1.9241474e-08  4.6289030e-03 
689  8.7849950e-04  8.8265933e-11  1.8926144e-08  4.6637040e-03 
690  8.8245310e-04  8.6833633e-11  1.8764178e-08  4.6276279e-03 
691  8.8642450e-04  8.3566097e-11  1.8436305e-08  4.5326923e-03 
692  8.9041380e-04  8.3114935e-11  1.8114786e-08  4.5882373e-03 
693  8.9442100e-04  8.1749210e-11  1.7798872e-08  4.5929434e-03 
694  8.9844630e-04  7.9685031e-11  1.7483305e-08  4.5577785e-03 
695  9.0248970e-04  7.8448436e-11  1.7180453e-08  4.5661446e-03 
696  9.0655120e-04  7.9525272e-11  1.6877334e-08  4.7119569e-03 
697  9.1063110e-04  7.6665203e-11  1.6581034e-08  4.6236683e-03 
698  9.1472930e-04  7.4284662e-11  1.6291672e-08  4.5596709e-03 
699  9.1884600e-04  7.3519920e-11  1.6007639e-08  4.5928023e-03 
700  9.2298120e-04  7.2207832e-11  1.5724299e-08  4.5921177e-03 
701  9.2713490e-04  7.1992348e-11  1.5448157e-08  4.6602548e-03 
702  9.3130740e-04  6.9245280e-11  1.5176737e-08  4.5625933e-03 
703  9.3549870e-04  6.8123996e-11  1.4862132e-08  4.5837297e-03 
704  9.3970880e-04  6.7813914e-11  1.4564058e-08  4.6562512e-03 
705  9.4393790e-04  6.7120059e-11  1.4374264e-08  4.6694605e-03 
706  9.4818600e-04  6.5607772e-11  1.4139203e-08  4.6401323e-03 
707  9.5245320e-04  6.4579074e-11  1.3886916e-08  4.6503538e-03 
708  9.5673970e-04  6.4240176e-11  1.3644389e-08  4.7081752e-03 
709  9.6104540e-04  6.2322236e-11  1.3406853e-08  4.6485358e-03 
710  9.6537050e-04  6.1018722e-11  1.3174945e-08  4.6314214e-03 
711  9.6971510e-04  5.9738380e-11  1.2943897e-08  4.6151775e-03 
712  9.7407920e-04  5.9169185e-11  1.2711926e-08  4.6546201e-03 
713  9.7846290e-04  5.7682206e-11  1.2488043e-08  4.6189948e-03 
714  9.8286640e-04  5.7077535e-11  1.2270940e-08  4.6514393e-03 
715  9.8728970e-04  5.6387061e-11  1.2055470e-08  4.6773011e-03 
716  9.9173290e-04  5.4953505e-11  1.1845241e-08  4.6392896e-03 
717  9.9619610e-04  5.5547686e-11  1.1634122e-08  4.7745489e-03 
718  1.0006790e-03  5.4221903e-11  1.1427418e-08  4.7448954e-03 
719  1.0051830e-03  5.2842086e-11  1.1225704e-08  4.7072404e-03 
720  1.0097070e-03  5.2576282e-11  1.1027332e-08  4.7678152e-03 
721  1.0142510e-03  5.1163564e-11  1.0832469e-08  4.7231674e-03 
722  1.0188150e-03  5.1369244e-11  1.0641058e-08  4.8274563e-03 
723  1.0234000e-03  5.0001373e-11  1.0453022e-08  4.7834371e-03 
724  1.0280060e-03  4.8512986e-11  1.0268305e-08  4.7245372e-03 
725  1.0326330e-03  4.7834952e-11  1.0086859e-08  4.7423041e-03 
726  1.0372800e-03  4.6691621e-11  9.9086137e-09  4.7122254e-03 
727  1.0419480e-03  4.5649765e-11  9.7335220e-09  4.6899535e-03 
728  1.0466370e-03  4.5296054e-11  9.5615206e-09  4.7373274e-03 
729  1.0513470e-03  4.4402148e-11  9.3925622e-09  4.7273733e-03 
730  1.0560790e-03  4.3729598e-11  9.2265917e-09  4.7395181e-03 
731  1.0608320e-03  4.3057858e-11  9.0635459e-09  4.7506637e-03 
732  1.0656060e-03  4.2496696e-11  8.9033934e-09  4.7730898e-03 
733  1.0704020e-03  4.2100607e-11  8.7460631e-09  4.8136637e-03 
734  1.0752190e-03  4.1075165e-11  8.5915078e-09  4.7809030e-03 
735  1.0800580e-03  4.0293759e-11  8.4396881e-09  4.7743185e-03 
736  1.0849180e-03  3.9559809e-11  8.2905566e-09  4.7716711e-03 
737  1.0898010e-03  4.0274736e-11  8.1440582e-09  4.9452908e-03 
738  1.0947060e-03  3.8427479e-11  8.0001456e-09  4.8033474e-03 
739  1.0996320e-03  3.9475026e-11  7.8587754e-09  5.0230505e-03 
740  1.1045810e-03  3.6942073e-11  7.7199051e-09  4.7853015e-03 
741  1.1095520e-03  3.7124271e-11  7.5834881e-09  4.8954083e-03 
742  1.1145460e-03  3.5795495e-11  7.4494818e-09  4.8050986e-03 
743  1.1195610e-03  3.6466978e-11  7.3178438e-09  4.9832955e-03 
744  1.1246000e-03  3.7024634e-11  7.1885321e-09  5.1505138e-03 
745  1.1296610e-03  3.5176900e-11  7.0615051e-09  4.9815018e-03 
746  1.1347450e-03  3.3653334e-11  6.9367233e-09  4.8514741e-03 
747  1.1398520e-03  3.5021246e-11  6.8141457e-09  5.1394919e-03 
748  1.1449820e-03  3.4060549e-11  6.6937345e-09  5.0884225e-03 
749  1.1501350e-03  3.5512649e-11  6.5754518e-09  5.4007922e-03 
750  1.1553110e-03  3.5472243e-11  6.4592582e-09  5.4916898e-03 
751  1.1605100e-03  3.2168404e-11  6.3451183e-09  5.0697879e-03 
752  1.1657330e-03  3.0993471e-11  6.2329950e-09  4.9724845e-03 
753  1.1709790e-03  3.0538803e-11  6.1228536e-09  4.9876748e-03 
754  1.1762490e-03  3.0297671e-11  6.0146578e-09  5.0373059e-03 
755  1.1815430e-03  3.1700215e-11  5.9083745e-09  5.3653023e-03 
756  1.1868600e-03  2.8715308e-11  5.8039691e-09  4.9475294e-03 
757  1.1922010e-03  3.2525071e-11  5.7014084e-09  5.7047433e-03 
758  1.1975670e-03  2.9589339e-11  5.6006601e-09  5.2831877e-03 
759  1.2029560e-03  2.8741345e-11  5.5016919e-09  5.2240920e-03 
760  1.2083700e-03  2.7581372e-11  5.4044730e-09  5.1034340e-03 
761  1.2138080e-03  2.8639464e-11  5.3089720e-09  5.3945405e-03 
762  1.2192710e-03  2.8454650e-11  5.2151580e-09  5.4561435e-03 
763  1.2247580e-03  2.6390097e-11  5.1230027e-09  5.1512948e-03 
764  1.2302700e-03  2.8193396e-11  5.0324753e-09  5.6022919e-03 
765  1.2358070e-03  2.5709353e-11  4.9435475e-09  5.2005878e-03 
766  1.2413680e-03  2.5169340e-11  4.8561908e-09  5.1829388e-03 
767  1.2469550e-03  2.6349095e-11  4.7703786e-09  5.5234809e-03 
768  1.2525670e-03  2.4944832e-11  4.6860823e-09  5.3231741e-03 
769  1.2582040e-03  2.4483998e-11  4.6032760e-09  5.3188204e-03 
770  1.2638660e-03  2.5263449e-11  4.5219320e-09  5.5868706e-03 
771  1.2695540e-03  2.4291237e-11  4.4420260e-09  5.4685039e-03 
772  1.2752680e-03  2.3618818e-11  4.3635320e-09  5.4127754e-03 
773  1.2810070e-03  2.3742921e-11  4.2864254e-09  5.5390958e-03 
774  1.2867720e-03  2.2594428e-11  4.2106811e-09  5.3659794e-03 
775  1.2925630e-03  2.2740440e-11  4.1362754e-09  5.4978061e-03 
776  1.2983800e-03  2.1683738e-11  4.0631839e-09  5.3366373e-03 
777  1.3042230e-03  2.3033385e-11  3.9913845e-09  5.7707757e-03 
778  1.3100930e-03  2.0981053e-11  3.9208535e-09  5.3511445e-03 
779  1.3159890e-03  2.0695037e-11  3.8515689e-09  5.3731448e-03 
780  1.3219110e-03  2.0326023e-11  3.7835086e-09  5.3722683e-03 
781  1.3278600e-03  2.2803039e-11  3.7166513e-09  6.1353721e-03 
782  1.3338360e-03  2.0489448e-11  3.6509750e-09  5.6120484e-03 
783  1.3398390e-03  1.9040776e-11  3.5864599e-09  5.3090725e-03 
784  1.3458690e-03  1.9374256e-11  3.5230847e-09  5.4992307e-03 
785  1.3519260e-03  1.8306130e-11  3.4608290e-09  5.2895217e-03 
786  1.3580100e-03  2.0701412e-11  3.3996730e-09  6.0892363e-03 
787  1.3641220e-03  1.9780717e-11  3.3395987e-09  5.9230820e-03 
788  1.3702610e-03  1.8421076e-11  3.2805855e-09  5.6151794e-03 
789  1.3764280e-03  2.0421079e-11  3.2226144e-09  6.3368050e-03 
790  1.3826220e-03  1.9618944e-11  3.1656690e-09  6.1974084e-03 
791  1.3888440e-03  1.8019032e-11  3.1097288e-09  5.7944063e-03 
792  1.3950950e-03  1.8465197e-11  3.0547779e-09  6.0446938e-03 
793  1.4013730e-03  1.7521921e-11  3.0007974e-09  5.8390881e-03 
794  1.4076800e-03  1.8069534e-11  2.9477709e-09  6.1298976e-03 
795  1.4140150e-03  1.6332469e-11  2.8956817e-09  5.6402845e-03 
796  1.4203790e-03  1.7850781e-11  2.8445125e-09  6.2755151e-03 
797  1.4267710e-03  1.6172638e-11  2.7942483e-09  5.7878312e-03 
798  1.4331920e-03  1.6932341e-11  2.7448719e-09  6.1687182e-03 
799  1.4396420e-03  1.5745472e-11  2.6963673e-09  5.8395133e-03 
800  1.4461210e-03  1.5188268e-11  2.6487204e-09  5.7341906e-03 
801  1.4526290e-03  1.4519713e-11  2.6019155e-09  5.5803938e-03 
802  1.4591670e-03  1.4309175e-11  2.5559376e-09  5.5984055e-03 
803  1.4657340e-03  1.3866461e-11  2.5107724e-09  5.5227867e-03 
804  1.4723300e-03  1.4211674e-11  2.4664051e-09  5.7621005e-03 
805  1.4789560e-03  1.3374265e-11  2.4228222e-09  5.5201183e-03 
806  1.4856120e-03  1.2790802e-11  2.3800087e-09  5.3742669e-03 
807  1.4922980e-03  1.2717819e-11  2.3379528e-09  5.4397245e-03 
808  1.4990140e-03  1.2637125e-11  2.2966387e-09  5.5024437e-03 
809  1.5057600e-03  1.2529302e-11  2.2560554e-09  5.5536321e-03 
810  1.5125370e-03  1.2170946e-11  2.2161895e-09  5.4918346e-03 
811  1.5193440e-03  1.1728941e-11  2.1770276e-09  5.3875940e-03 
812  1.5261810e-03  1.1574480e-11  2.1385579e-09  5.4122827e-03 
813  1.5330500e-03  1.1365082e-11  2.1007677e-09  5.4099658e-03 
814  1.5399490e-03  1.1212052e-11  2.0636461e-09  5.4331274e-03 
815  1.5468790e-03  1.0885471e-11  2.0271796e-09  5.3697618e-03 
816  1.5538410e-03  1.0490485e-11  1.9913579e-09  5.2680060e-03 
817  1.5608340e-03  1.0727212e-11  1.9561693e-09  5.4837851e-03 
818  1.5678580e-03  1.0630714e-11  1.9216019e-09  5.5322145e-03 
819  1.5749140e-03  1.0130512e-11  1.8876454e-09  5.3667453e-03 
820  1.5820020e-03  9.9575267e-12  1.8542897e-09  5.3699951e-03 
821  1.5891220e-03  9.9800331e-12  1.8215229e-09  5.4789501e-03 
822  1.5962730e-03  9.4790300e-12  1.7893355e-09  5.2975141e-03 
823  1.6034570e-03  9.2748805e-12  1.7577165e-09  5.2766646e-03 
824  1.6106740e-03  9.3469348e-12  1.7266565e-09  5.4133147e-03 
825  1.6179220e-03  9.0111261e-12  1.6961451e-09  5.3127095e-03 
826  1.6252040e-03  9.3736876e-12  1.6661730e-09  5.6258791e-03 
827  1.6325180e-03  8.9469394e-12  1.6367298e-09  5.4663509e-03 
828  1.6398650e-03  8.5833507e-12  1.6078077e-09  5.3385430e-03 
829  1.6472450e-03  9.1107755e-12  1.5793965e-09  5.7685169e-03 
830  1.6546580e-03  8.5387364e-12  1.5514875e-09  5.5035806e-03 
831  1.6621050e-03  8.6834803e-12  1.5240712e-09  5.6975556e-03 
832  1.6695850e-03  8.3756886e-12  1.4971397e-09  5.5944603e-03 
833  1.6770990e-03  7.9280643e-12  1.4706844e-09  5.3907313e-03 
834  1.6846460e-03  8.1523696e-12  1.4446965e-09  5.6429633e-03 
835  1.6922280e-03  7.6957319e-12  1.4191675e-09  5.4227086e-03 
836  1.6998440e-03  7.4285868e-12  1.3940894e-09  5.3286300e-03 
837  1.7074940e-03  7.3432122e-12  1.3694552e-09  5.3621412e-03 
838  1.7151780e-03  7.2990835e-12  1.3452561e-09  5.4257947e-03 
839  1.7228970e-03  7.2575323e-12  1.3214843e-09  5.4919549e-03 
840  1.7306510e-03  7.2068873e-12  1.2981327e-09  5.5517338e-03 
841  1.7384390e-03  7.0498306e-12  1.2751934e-09  5.5284402e-03 
842  1.7462630e-03  6.9349819e-12  1.2526601e-09  5.5362039e-03 
843  1.7541220e-03  6.7791218e-12  1.2305241e-09  5.5091335e-03 
844  1.7620160e-03  6.4218046e-12  1.2087800e-09  5.3126332e-03 
845  1.7699460e-03  6.4289211e-12  1.1874197e-09  5.4141943e-03 
846  1.7779110e-03  6.3844191e-12  1.1664371e-09  5.4734362e-03 
847  1.7859130e-03  6.1178440e-12  1.1458258e-09  5.3392444e-03 
848  1.7939500e-03  6.0974883e-12  1.1255779e-09  5.4172067e-03 
849  1.8020240e-03  5.9868947e-12  1.1056879e-09  5.4146332e-03 
850  1.8101340e-03  5.8803051e-12  1.0861496e-09  5.4139000e-03 
851  1.8182800e-03  5.8916523e-12  1.0669565e-09  5.5219237e-03 
852  1.8264630e-03  5.7291999e-12  1.0481024e-09  5.4662597e-03 
853  1.8346830e-03  5.6155345e-12  1.0295818e-09  5.4541898e-03 
854  1.8429400e-03  5.4404296e-12  1.0113883e-09  5.3791699e-03 
855  1.8512340e-03  5.2895378e-12  9.9351652e-10  5.3240562e-03 
856  1.8595650e-03  5.3518690e-12  9.7596004e-10  5.4836968e-03 
857  1.8679340e-03  5.2848119e-12  9.5871418e-10  5.5123957e-03 
858  1.8763400e-03  5.2198527e-12  9.4177341e-10  5.5425782e-03 
859  1.8847840e-03  5.2017085e-12  9.2513142e-10  5.6226698e-03 
860  1.8932670e-03  4.9948468e-12  9.0878348e-10  5.4961901e-03 
861  1.9017870e-03  4.8081538e-12  8.9272487e-10  5.3859302e-03 
862  1.9103460e-03  4.7886686e-12  8.7694927e-10  5.4605993e-03 
863  1.9189430e-03  4.6377055e-12  8.6145275e-10  5.3835866e-03 
864  1.9275790e-03  4.7595004e-12  8.4623057e-10  5.6243541e-03 
865  1.9362540e-03  4.5037872e-12  8.3127722e-10  5.4179124e-03 
866  1.9449680e-03  4.5374950e-12  8.1658797e-10  5.5566518e-03 
867  1.9537210e-03  4.4648026e-12  8.0215808e-10  5.5659885e-03 
868  1.9625140e-03  4.4127224e-12  7.8798322e-10  5.6000208e-03 
869  1.9713460e-03  4.3231524e-12  7.7405897e-10  5.5850427e-03 
870  1.9802180e-03  4.2166189e-12  7.6038077e-10  5.5454045e-03 
871  1.9891300e-03  3.9766312e-12  7.4694420e-10  5.3238665e-03 
872  1.9980820e-03  4.2338841e-12  7.3374515e-10  5.7702379e-03 
873  2.0070740e-03  3.8464049e-12  7.2077930e-10  5.3364531e-03 
874  2.0161060e-03  3.9132853e-12  7.0804262e-10  5.5269064e-03 
875  2.0251800e-03  3.8400529e-12  6.9553094e-10  5.5210382e-03 
876  2.0342940e-03  3.7430084e-12  6.8324038e-10  5.4783185e-03 
877  2.0434490e-03  3.7012285e-12  6.7116702e-10  5.5146161e-03 
878  2.0526450e-03  3.5766388e-12  6.5930698e-10  5.4248460e-03 
879  2.0618830e-03  3.7265286e-12  6.4765648e-10  5.7538660e-03 
880  2.0711620e-03  3.6615596e-12  6.3621190e-10  5.7552516e-03 
881  2.0804840e-03  3.4523823e-12  6.2496961e-10  5.5240803e-03 
882  2.0898470e-03  3.3693266e-12  6.1392590e-10  5.4881649e-03 
883  2.0992520e-03  3.3257801e-12  6.0307739e-10  5.5146820e-03 
884  2.1086990e-03  3.2355477e-12  5.9242053e-10  5.4615726e-03 
885  2.1181890e-03  3.1362272e-12  5.8195200e-10  5.3891509e-03 
886  2.1277220e-03  3.0500192e-12  5.7166850e-10  5.3352934e-03 
887  2.1372980e-03  3.0030603e-12  5.6156663e-10  5.3476474e-03 
888  2.1469160e-03  2.9645978e-12  5.5164332e-10  5.3741208e-03 
889  2.1565780e-03  2.9290119e-12  5.4189534e-10  5.4051247e-03 
890  2.1662840e-03  2.8718121e-12  5.3231969e-10  5.3949012e-03 
891  2.1760330e-03  2.8339676e-12  5.2291314e-10  5.4195762e-03 
892  2.1858260e-03  2.7799131e-12  5.1367294e-10  5.4118349e-03 
893  2.1956630e-03  2.7027217e-12  5.0459592e-10  5.3562099e-03 
894  2.2055440e-03  2.7066885e-12  4.9567933e-10  5.4605636e-03 
895  2.2154700e-03  2.5894731e-12  4.8692025e-10  5.3180641e-03 
896  2.2254410e-03  2.6030810e-12  4.7831600e-10  5.4421785e-03 
897  2.2354560e-03  2.5682389e-12  4.6986383e-10  5.4659217e-03 
898  2.2455170e-03  2.4485140e-12  4.6156096e-10  5.3048551e-03 
899  2.2556220e-03  2.4401044e-12  4.5340481e-10  5.3817348e-03 
900  2.2657740e-03  2.3659785e-12  4.4539285e-10  5.3121161e-03 
901  2.2759710e-03  2.3304634e-12  4.3752239e-10  5.3265009e-03 
902  2.2862130e-03  2.3037243e-12  4.2979108e-10  5.3601027e-03 
903  2.2965020e-03  2.2511128e-12  4.2219631e-10  5.3319102e-03 
904  2.3068380e-03  2.2232263e-12  4.1473580e-10  5.3605846e-03 
905  2.3172190e-03  2.1657934e-12  4.0740709e-10  5.3160424e-03 
906  2.3276480e-03  2.1404529e-12  4.0020792e-10  5.3483521e-03 
907  2.3381230e-03  2.1005730e-12  3.9313590e-10  5.3431218e-03 
908  2.3486460e-03  2.0649837e-12  3.8618891e-10  5.3470818e-03 
909  2.3592150e-03  2.0230016e-12  3.7936467e-10  5.3326041e-03 
910  2.3698330e-03  1.9833068e-12  3.7266097e-10  5.3220138e-03 
911  2.3804980e-03  1.9745983e-12  3.6607576e-10  5.3939608e-03 
912  2.3912110e-03  1.9307048e-12  3.5960690e-10  5.3689313e-03 
913  2.4019730e-03  1.8763954e-12  3.5325244e-10  5.3117693e-03 
914  2.4127830e-03  1.8560687e-12  3.4701015e-10  5.3487445e-03 
915  2.4236410e-03  1.8135890e-12  3.4087824e-10  5.3203426e-03 
916  2.4345490e-03  1.7849202e-12  3.3485464e-10  5.3304328e-03 
917  2.4455050e-03  1.7721675e-12  3.2893755e-10  5.3875500e-03 
918  2.4565110e-03  1.7288205e-12  3.2312492e-10  5.3503164e-03 
919  2.4675660e-03  1.6966885e-12  3.1741508e-10  5.3453305e-03 
920  2.4786710e-03  1.6647625e-12  3.1180608e-10  5.3390958e-03 
921  2.4898260e-03  1.6379035e-12  3.0629625e-10  5.3474487e-03 
922  2.5010310e-03  1.6003121e-12  3.0088378e-10  5.3187051e-03 
923  2.5122870e-03  1.5753389e-12  2.9556693e-10  5.3298888e-03 
924  2.5235930e-03  1.5578623e-12  2.9034406e-10  5.3655733e-03 
925  2.5349510e-03  1.5190875e-12  2.8521342e-10  5.3261431e-03 
926  2.5463590e-03  1.4934508e-12  2.8017353e-10  5.3304493e-03 
927  2.5578190e-03  1.4705826e-12  2.7522263e-10  5.3432472e-03 
928  2.5693300e-03  1.4467988e-12  2.7035925e-10  5.3513939e-03 
929  2.5808930e-03  1.4257509e-12  2.6558179e-10  5.3684062e-03 
930  2.5925080e-03  1.4311066e-12  2.6088876e-10  5.4855048e-03 
931  2.6041750e-03  1.3647784e-12  2.5627867e-10  5.3253684e-03 
932  2.6158950e-03  1.3595545e-12  2.5175002e-10  5.4004148e-03 
933  2.6276680e-03  1.3291024e-12  2.4730138e-10  5.3744237e-03 
934  2.6394930e-03  1.3001658e-12  2.4293134e-10  5.3519886e-03 
935  2.6513720e-03  1.2811930e-12  2.3863856e-10  5.3687594e-03 
936  2.6633040e-03  1.2548214e-12  2.3442170e-10  5.3528382e-03 
937  2.6752900e-03  1.2315471e-12  2.3027925e-10  5.3480594e-03 
938  2.6873300e-03  1.2103068e-12  2.2621004e-10  5.3503673e-03 
939  2.6994240e-03  1.1877487e-12  2.2221273e-10  5.3450972e-03 
940  2.7115730e-03  1.1851657e-12  2.1828606e-10  5.4294153e-03 
941  2.7237760e-03  1.1449423e-12  2.1442876e-10  5.3394998e-03 
942  2.7360340e-03  1.1263305e-12  2.1063965e-10  5.3471912e-03 
943  2.7483470e-03  1.1190512e-12  2.0691748e-10  5.4082004e-03 
944  2.7607160e-03  1.0875779e-12  2.0326113e-10  5.3506436e-03 
945  2.7731400e-03  1.0781565e-12  1.9966934e-10  5.3997098e-03 
946  2.7856210e-03  1.0532321e-12  1.9614102e-10  5.3697696e-03 
947  2.7981570e-03  1.0307550e-12  1.9267506e-10  5.3497066e-03 
948  2.8107500e-03  1.0147875e-12  1.8927035e-10  5.3615767e-03 
949  2.8234000e-03  9.9735219e-13  1.8592579e-10  5.3642489e-03 
950  2.8361060e-03  9.7839576e-13  1.8264035e-10  5.3569528e-03 
951  2.8488700e-03  9.6201696e-13  1.7941294e-10  5.3620265e-03 
952  2.8616910e-03  9.5508983e-13  1.7624261e-10  5.4191766e-03 
953  2.8745700e-03  9.2908137e-13  1.7312825e-10  5.3664343e-03 
954  2.8875060e-03  9.1250041e-13  1.7006891e-10  5.3654745e-03 
955  2.9005010e-03  8.9692839e-13  1.6706374e-10  5.3687797e-03 
956  2.9135550e-03  8.8038709e-13  1.6411154e-10  5.3645655e-03 
957  2.9266670e-03  8.6654959e-13  1.6121161e-10  5.3752308e-03 
958  2.9398380e-03  8.5074367e-13  1.5836284e-10  5.3721168e-03 
959  2.9530690e-03  8.3585764e-13  1.5556444e-10  5.3730635e-03 
960  2.9663590e-03  8.2520469e-13  1.5281548e-10  5.4000071e-03 
961  2.9797080e-03  8.0673634e-13  1.5011516e-10  5.3741164e-03 
962  2.9931180e-03  7.9447482e-13  1.4746253e-10  5.3876386e-03 
963  3.0065890e-03  7.8448784e-13  1.4485673e-10  5.4156119e-03 
964  3.0201190e-03  7.6899051e-13  1.4229697e-10  5.4041242e-03 
965  3.0337110e-03  7.5304210e-13  1.3978246e-10  5.3872431e-03 
966  3.0473640e-03  7.4883688e-13  1.3731242e-10  5.4535264e-03 
967  3.0610790e-03  7.2877275e-13  1.3488604e-10  5.4028774e-03 
968  3.0748550e-03  7.1292280e-13  1.3250248e-10  5.3804488e-03 
969  3.0886930e-03  7.0140520e-13  1.3016109e-10  5.3887471e-03 
970  3.1025930e-03  6.8885508e-13  1.2786101e-10  5.3875304e-03 
971  3.1165560e-03  6.7878967e-13  1.2560161e-10  5.4043070e-03 
972  3.1305820e-03  6.6593237e-13  1.2338210e-10  5.3973175e-03 
973  3.1446710e-03  6.5252832e-13  1.2120185e-10  5.3838148e-03 
974  3.1588230e-03  6.4192511e-13  1.1906015e-10  5.3916034e-03 
975  3.1730390e-03  6.3144340e-13  1.1695629e-10  5.3989691e-03 
976  3.1873190e-03  6.2156666e-13  1.1488956e-10  5.4101230e-03 
977  3.2016630e-03  6.0888216e-13  1.1285941e-10  5.3950499e-03 
978  3.2160720e-03  5.9872514e-13  1.1086505e-10  5.4004857e-03 
979  3.2305460e-03  5.8658015e-13  1.0890601e-10  5.3861135e-03 
980  3.2450850e-03  5.7825970e-13  1.0698158e-10  5.4052267e-03 
981  3.2596890e-03  5.6675637e-13  1.0509113e-10  5.3929993e-03 
982  3.2743590e-03  5.5646841e-13  1.0323402e-10  5.3903588e-03 
983  3.2890950e-03  5.4686081e-13  1.0140987e-10  5.3925799e-03 
984  3.3038970e-03  5.3948542e-13  9.9617876e-11  5.4155483e-03 
985  3.3187660e-03  5.2800982e-13  9.7857499e-11  5.3957011e-03 
986  3.3337020e-03  5.1907970e-13  9.6128340e-11  5.3998612e-03 
987  3.3487050e-03  5.1079790e-13  9.4429612e-11  5.4092979e-03 
988  3.3637750e-03  5.0184393e-13  9.2760998e-11  5.4100747e-03 
989  3.3789140e-03  4.9233598e-13  9.1121869e-11  5.4030497e-03 
990  3.3941200e-03  4.8433647e-13  8.9511671e-11  5.4108750e-03 
991  3.4093950e-03  4.7587189e-13  8.7929933e-11  5.4119441e-03 
992  3.4247390e-03  4.6642543e-13  8.6376103e-11  5.3999360e-03 
993  3.4401510e-03  4.5852097e-13  8.4849786e-11  5.4039143e-03 
994  3.4556340e-03  4.5039319e-13  8.3350430e-11  5.4036097e-03 
995  3.4711850e-03  4.4321684e-13  8.1877563e-11  5.4131660e-03 
996  3.4868070e-03  4.3456774e-13  8.0430711e-11  5.4030075e-03 
997  3.5024990e-03  4.2717646e-13  7.9009480e-11  5.4066481e-03 
998  3.5182620e-03  4.2055102e-13  7.7613295e-11  5.4185436e-03 
999  3.5340950e-03  4.1221881e-13  7.6241809e-11  5.4067290e-03 
1000  3.5500000e-03  4.0648299e-13  7.4894557e-11  5.4274037e-03 

