0.807 0.000102 0.000060 0.300 0.000 3.18
0.807 0.000102 0.000107 0.300 0.000 1.00
0.822 0.000175 0.000054 0.300 0.000 3.04
0.822 0.000175 0.000095 0.300 0.000 1.00
0.836 0.000359 0.000049 0.300 0.000 1.69
0.836 0.000359 0.000064 0.300 0.000 1.00
0.851 0.000297 0.000046 0.300 0.000 2.17
0.851 0.000297 0.000067 0.300 0.000 1.00
0.866 0.000447 0.000044 0.300 0.000 4.15
0.866 0.000447 0.000090 0.300 0.000 1.00
0.880 0.000489 0.000042 0.300 0.000 2.01
0.880 0.000489 0.000059 0.300 0.000 1.00
0.895 0.000537 0.000040 0.300 0.000 2.67
0.895 0.000537 0.000065 0.300 0.000 1.00
0.909 0.000532 0.000039 0.300 0.000 3.39
0.909 0.000532 0.000071 0.300 0.000 1.00
0.924 0.000608 0.000037 0.300 0.000 3.70
0.924 0.000608 0.000072 0.300 0.000 1.00
0.939 0.000641 0.000036 0.300 0.000 2.02
0.939 0.000641 0.000051 0.300 0.000 1.00
0.953 0.000732 0.000036 0.300 0.000 2.79
0.953 0.000732 0.000060 0.300 0.000 1.00
0.968 0.000761 0.000035 0.300 0.000 1.88
0.968 0.000761 0.000049 0.300 0.000 1.00
0.982 0.000707 0.000035 0.300 0.000 1.85
0.982 0.000707 0.000047 0.300 0.000 1.00
0.997 0.000674 0.000035 0.300 0.000 2.94
0.997 0.000674 0.000060 0.300 0.000 1.00
1.011 0.000850 0.000036 0.300 0.000 3.74
1.011 0.000850 0.000069 0.300 0.000 1.00
1.026 0.000761 0.000035 0.300 0.000 2.06
1.026 0.000761 0.000050 0.300 0.000 1.00
1.041 0.000734 0.000035 0.300 0.000 2.01
1.041 0.000734 0.000049 0.300 0.000 1.00
1.055 0.000757 0.000035 0.300 0.000 4.53
1.055 0.000757 0.000075 0.300 0.000 1.00
1.070 0.000792 0.000035 0.300 0.000 4.84
1.070 0.000792 0.000078 0.300 0.000 1.00
1.084 0.000832 0.000036 0.300 0.000 4.82
1.084 0.000832 0.000078 0.300 0.000 1.00
1.099 0.000841 0.000037 0.300 0.000 6.03
1.099 0.000841 0.000090 0.300 0.000 1.00
1.114 0.000859 0.000036 0.300 0.000 5.27
1.114 0.000859 0.000083 0.300 0.000 1.00
1.128 0.000776 0.000037 0.300 0.000 6.13
1.128 0.000776 0.000092 0.300 0.000 1.00
1.143 0.000701 0.000041 0.300 0.000 12.30
1.143 0.000701 0.000145 0.300 0.000 1.00
