alpha,Lambda,FpoFs
#alpha=  -0
  -0,227.5313, 0.007349457765
  -0,138.7925, 0.006930426660
  -0,97.7517, 0.006671525631
  -0,73.6920, 0.006501884851
  -0,53.8793, 0.006443310102
  -0,42.2119, 0.006211156757
  -0,35.7526, 0.006215923942
  -0,29.7000, 0.006052228889
  -0,24.8385, 0.005930216426
  -0,21.3950, 0.005852967348
  -0,19.3817, 0.006112316032
  -0,18.1802, 0.006058424585
  -0,16.9779, 0.006004239905
  -0,15.7766, 0.005921659887
  -0,14.5751, 0.005845083919
  -0,13.5879, 0.005765209033
  -0,12.7869, 0.005705962075
  -0,11.9861, 0.005627384433
  -0,11.2918, 0.005630521297
  -0,10.6918, 0.005486239001
  -0,10.0913, 0.005407520628
  -0,9.6479, 0.005352787669
  -0,9.3475, 0.005327558123
  -0,8.9952, 0.005279812971
  -0,8.6730, 0.005269596154
  -0,8.3452, 0.005200717244
  -0,8.0743, 0.005159554425
  -0,7.9039, 0.005118372322
  -0,7.7140, 0.005072335912
  -0,7.4982, 0.005041589837
  -0,7.2839, 0.004956748058
  -0,7.0937, 0.004921477280
  -0,6.8726, 0.004893576282
  -0,6.6638, 0.004830582826
  -0,6.5153, 0.004758084807
  -0,6.2974, 0.004642469922
  -0,6.0639, 0.004590514057
  -0,5.8990, 0.004604755609
  -0,5.7594, 0.004552380407
  -0,5.5721, 0.004524783299
  -0,5.3791, 0.004481035162
  -0,5.2647, 0.004453507234
  -0,5.1491, 0.004454948414
  -0,4.9998, 0.004377476793
  -0,4.8816, 0.004328278121
  -0,4.8274, 0.004290127131
  -0,4.7964, 0.004303598482
  -0,4.7498, 0.004275727661
  -0,4.6999, 0.004269619249
  -0,4.6623, 0.004436921336
  -0,4.6050, 0.004237493516
  -0,4.5041, 0.004183422691
  -0,4.3952, 0.004111084245
  -0,4.3007, 0.003885390856
  -0,4.2019, 0.003792805823
  -0,4.0737, 0.003696907312
  -0,3.9494, 0.003541509758
  -0,3.8493, 0.003496135195
  -0,3.7493, 0.003521774352
  -0,3.6621, 0.003479271142
  -0,3.5871, 0.003460486811
  -0,3.5131, 0.003449829772
  -0,3.4381, 0.003443119112
  -0,3.3634, 0.003419689121
  -0,3.3078, 0.003525005652
  -0,3.2691, 0.003403250019
  -0,3.2309, 0.003388572803
  -0,3.1934, 0.003370328625
  -0,3.1559, 0.003360091614
  -0,3.1184, 0.003349617832
  -0,3.0848, 0.003317677370
  -0,3.0548, 0.003356782529
  -0,3.0145, 0.003288969205
  -0,2.9647, 0.003230338599
  -0,2.9086, 0.003183091081
  -0,2.8468, 0.003163058513
  -0,2.7875, 0.003079033639
  -0,2.7304, 0.003007624110
  -0,2.6756, 0.002955275115
  -0,2.6230, 0.003002526932
  -0,2.5736, 0.002930819212
  -0,2.5272, 0.002890310155
  -0,2.4816, 0.002810566240
  -0,2.4368, 0.002719640461
  -0,2.3942, 0.002589206986
  -0,2.3536, 0.002448938957
  -0,2.3143, 0.002340533704
  -0,2.2765, 0.002193436294
  -0,2.2400, 0.002164561760
  -0,2.2089, 0.002183911952
  -0,2.1828, 0.002210662800
  -0,2.1625, 0.002346621263
  -0,2.1477, 0.002197572152
  -0,2.1365, 0.002202832388
  -0,2.1288, 0.002204023097
  -0,2.1136, 0.002174602397
  -0,2.0911, 0.002164060821
  -0,2.0698, 0.002143923541
  -0,2.0498, 0.002110925275
  -0,2.0298, 0.002101311200
  -0,2.0098, 0.002059766200
  -0,1.9820, 0.002014034734
  -0,1.9470, 0.002047368363
  -0,1.9163, 0.001944705531
  -0,1.8894, 0.001971424507
  -0,1.8631, 0.001966393463
  -0,1.8374, 0.001850955020
  -0,1.8123, 0.001894206061
  -0,1.7884, 0.001739472295
  -0,1.7656, 0.001674055871
  -0,1.7405, 0.001671631747
  -0,1.7133, 0.001504679948
  -0,1.6915, 0.001475028649
  -0,1.6749, 0.001498307538
  -0,1.6598, 0.001416170231
  -0,1.6461, 0.001512224119
  -0,1.6274, 0.001454493274
  -0,1.6040, 0.001492697340
  -0,1.5837, 0.001502952530
  -0,1.5672, 0.001482973069
  -0,1.5523, 0.001488050686
  -0,1.5376, 0.001483387716
  -0,1.5226, 0.001475369366
  -0,1.5060, 0.001487520152
  -0,1.4881, 0.001481629002
  -0,1.4706, 0.001451150815
  -0,1.4524, 0.001426878934
  -0,1.4337, 0.001411337159
  -0,1.4159, 0.001387091611
  -0,1.4001, 0.001358676867
  -0,1.3865, 0.001334454497
  -0,1.3741, 0.001325944898
  -0,1.3583, 0.001313496090
  -0,1.3393, 0.001282767299
  -0,1.3185, 0.001212326200
  -0,1.2960, 0.001210148928
  -0,1.2761, 0.001254099322
  -0,1.2586, 0.001177926384
  -0,1.2411, 0.001150090574
  -0,1.2236, 0.001133508013
  -0,1.2061, 0.001118355011
  -0,1.1886, 0.001108262509
  -0,1.1692, 0.001091838400
  -0,1.1482, 0.001055083647
  -0,1.1256, 0.001037620549
  -0,1.1016, 0.001037824005
  -0,1.0802, 0.000974466484
  -0,1.0613, 0.000958478439
  -0,1.0396, 0.000913881707
  -0,1.0156, 0.000914009795
  -0,0.9960, 0.000870524524
  -0,0.9804, 0.000816622545
  -0,0.9628, 0.000815403260
  -0,0.9439, 0.000774267056
  -0,0.9315, 0.000750807300
  -0,0.9189, 0.000751639223
  -0,0.9040, 0.000762630211
  -0,0.8915, 0.000731967889
  -0,0.8774, 0.000687346625
  -0,0.8655, 0.000703798600
  -0,0.8522, 0.000700050956
  -0,0.8341, 0.000640902996
  -0,0.8223, 0.000599772002
  -0,0.8097, 0.000563675717
  -0,0.7924, 0.000560679700
  -0,0.7774, 0.000541246316
  -0,0.7650, 0.000503081319
  -0,0.7524, 0.000452267889
  -0,0.7390, 0.000443051491
  -0,0.7288, 0.000446805160
  -0,0.7143, 0.000439585200
  -0,0.6969, 0.000393854763
  -0,0.6771, 0.000379064129
  -0,0.6574, 0.000347255049
  -0,0.6424, 0.000296332218
  -0,0.6280, 0.000282768012
  -0,0.6165, 0.000256415310
  -0,0.6044, 0.000232653639
  -0,0.5909, 0.000222420437
  -0,0.5784, 0.000191642122
  -0,0.5654, 0.000183551491
  -0,0.5519, 0.000162082379
  -0,0.5369, 0.000140865640
  -0,0.5235, 0.000134709436
  -0,0.5064, 0.000114185945
  -0,0.4849, 0.000090289240
  -0,0.4648, 0.000065271680
  -0,0.4448, 0.000050924780
  -0,0.4258, 0.000039494618
  -0,0.4083, 0.000029688836
  -0,0.3871, 0.000032074408
  -0,0.3621, 0.000039082630
  -0,0.3370, 0.000026606101
  -0,0.3120, 0.000020687162
  -0,0.2870, 0.000014174632


