1.160 0.000764 0.000024 0.300 0.000 2.59
1.160 0.000764 0.000039 0.300 0.000 1.00
1.200 0.000663 0.000024 0.300 0.000 1.60
1.200 0.000663 0.000030 0.300 0.000 1.00
1.240 0.000666 0.000024 0.300 0.000 2.52
1.240 0.000666 0.000038 0.300 0.000 1.00
1.280 0.000792 0.000027 0.300 0.000 1.40
1.280 0.000792 0.000032 0.300 0.000 1.00
1.320 0.000792 0.000024 0.300 0.000 2.76
1.320 0.000792 0.000040 0.300 0.000 1.00
1.360 0.000852 0.000024 0.300 0.000 2.09
1.360 0.000852 0.000035 0.300 0.000 1.00
1.400 0.001037 0.000035 0.300 0.000 2.46
1.400 0.001037 0.000055 0.300 0.000 1.00
1.440 0.001064 0.000026 0.300 0.000 2.17
1.440 0.001064 0.000038 0.300 0.000 1.00
1.480 0.001196 0.000037 0.300 0.000 2.38
1.480 0.001196 0.000057 0.300 0.000 1.00
1.520 0.001056 0.000038 0.300 0.000 2.44
1.520 0.001056 0.000060 0.300 0.000 1.00
1.560 0.001112 0.000029 0.300 0.000 3.09
1.560 0.001112 0.000051 0.300 0.000 1.00
1.600 0.001164 0.000030 0.300 0.000 2.68
1.600 0.001164 0.000050 0.300 0.000 1.00
