1.163 0.001331 0.000051 0.300 0.000 1.03
1.188 0.001104 0.000050 0.300 0.000 0.79
1.212 0.001138 0.000050 0.300 0.000 0.78
1.238 0.001034 0.000050 0.300 0.000 0.88
1.262 0.001063 0.000050 0.300 0.000 0.67
1.288 0.001341 0.000052 0.300 0.000 0.81
1.312 0.001144 0.000051 0.300 0.000 0.94
1.337 0.001276 0.000051 0.300 0.000 0.93
1.363 0.001225 0.000045 0.300 0.000 0.89
1.387 0.001453 0.000047 0.300 0.000 0.84
1.413 0.001311 0.000054 0.300 0.000 0.80
1.438 0.001505 0.000048 0.300 0.000 0.94
1.462 0.001482 0.000049 0.300 0.000 0.92
1.488 0.001613 0.000050 0.300 0.000 1.07
1.512 0.001440 0.000059 0.300 0.000 0.77
1.538 0.001508 0.000052 0.300 0.000 0.92
1.562 0.001553 0.000054 0.300 0.000 1.14
1.587 0.001629 0.000055 0.300 0.000 1.16
1.613 0.001479 0.000056 0.300 0.000 1.18
1.637 0.001712 0.000059 0.300 0.000 1.57
