0.807291666667 0.0002489642920433186 0.00011289361150307781
0.821875 0.0003682602538313325 9.407434626551911e-05
0.836458333333 0.0004185208391165821 7.793570685454485e-05
0.851041666667 0.0003643976199882165 7.309532476187133e-05
0.865625 0.000522716688369884 8.41755645440475e-05
0.880208333333 0.0005090663456282125 6.747882353815124e-05
0.894791666667 0.0005083254535705143 7.07764694988088e-05
0.909375 0.0004899295822521069 7.19831158450411e-05
0.923958333333 0.0005236491289230289 6.585559823463834e-05
0.938541666667 0.0006232121259983106 5.914859145432884e-05
0.953125 0.0006894305987301693 6.960321494585777e-05
0.967708333333 0.000724180914409571 6.007091193057908e-05
0.982291666667 0.0006817290250388912 5.2084002335468825e-05
0.996875 0.0006420395180876403 6.918610407052178e-05
1.01145833333 0.0007878928912373737 6.016615194244827e-05
1.02604166667 0.0007229300535838649 6.091211019943041e-05
1.040625 0.0007348082514951008 5.448325963908977e-05
1.05520833333 0.0007484151408256872 5.9783987717352345e-05
1.06979166667 0.000756591356708768 7.3073969984565e-05
1.084375 0.0007947313459022617 9.068948079208326e-05
1.09895833333 0.0007921484486923731 9.418676449780014e-05
1.11354166667 0.00078458291179911 0.00010191344716847708
1.128125 0.0008041472408021189 0.00011586386685708374
